Delta,Time,CPU_FREQUENCY_0,CPU_FREQUENCY_1,CPU_FREQUENCY_10,CPU_FREQUENCY_11,CPU_FREQUENCY_2,CPU_FREQUENCY_3,CPU_FREQUENCY_4,CPU_FREQUENCY_5,CPU_FREQUENCY_6,CPU_FREQUENCY_7,CPU_FREQUENCY_8,CPU_FREQUENCY_9,CPU_USAGE_0,CPU_USAGE_1,CPU_USAGE_10,CPU_USAGE_11,CPU_USAGE_2,CPU_USAGE_3,CPU_USAGE_4,CPU_USAGE_5,CPU_USAGE_6,CPU_USAGE_7,CPU_USAGE_8,CPU_USAGE_9,DRAM_ENERGY (J),GPU0_MEMORY_TOTAL,GPU0_MEMORY_USED,GPU0_POWER (mWatts),GPU0_TEMPERATURE,GPU0_USAGE,PACKAGE_ENERGY (J),PP0_ENERGY (J),PP1_ENERGY (J),TOTAL_MEMORY,TOTAL_SWAP,USED_MEMORY,USED_SWAP
0,1772065187169,800,800,800,800,800,799,800,800,800,800,800,800,8.571429252624512,2.941176414489746,2.941176414489746,2.941176414489746,2.941176414489746,14.285715103149414,2.941176414489746,2.857142925262451,2.941176414489746,5.714285850524902,2.941176414489746,8.333333969116211,15391.669250488281,4096,387,3302,49,0,219576.94482421875,171461.41888427734,2838.5646362304688,16408723456,4294963200,2458824704,114688
200,1772065187169,800,800,800,800,800,799,800,800,800,800,800,800,8.571429252624512,2.941176414489746,2.941176414489746,2.941176414489746,2.941176414489746,14.285715103149414,2.941176414489746,2.857142925262451,2.941176414489746,5.714285850524902,2.941176414489746,8.333333969116211,15391.6943359375,4096,387,3302,49,0,219577.40069580078,171461.76342773438,2838.5646362304688,16408723456,4294963200,2464681984,114688
200,1772065187369,800,800,800,800,800,799,800,800,800,800,800,800,46.42856979370117,46.42856979370117,81.48148345947266,48.27585983276367,46.42856979370117,77.77777862548828,44.4444465637207,46.42856979370117,48.27585983276367,46.42856979370117,44.82758712768555,46.42856979370117,15391.846130371094,4096,387,3014,49,0,219585.65533447266,171469.44995117188,2838.5646362304688,16408723456,4294963200,2493689856,114688
200,1772065187569,800,800,800,800,800,799,800,800,800,800,800,800,55,57.142860412597656,100,55,57.142860412597656,57.142860412597656,57.142860412597656,57.894737243652344,55,57.142860412597656,57.894737243652344,55,15391.989807128906,4096,387,3166,49,0,219593.23614501953,171476.4672241211,2838.5646362304688,16408723456,4294963200,2502475776,114688
200,1772065187769,800,800,800,800,800,799,800,800,800,800,800,800,0,0,100,0,0,10,0,0,0,0,0,0,15392.147033691406,4096,387,3038,49,0,219596.8748779297,171479.55108642578,2838.5646362304688,16408723456,4294963200,2517123072,114688
200,1772065187969,800,800,800,800,800,799,800,800,800,800,800,800,0,0,100,0,0,10,0,0,0,0,0,0,15392.293273925781,4096,387,2995,49,0,219600.71966552734,171482.8394165039,2838.5646362304688,16408723456,4294963200,2539323392,114688
200,1772065188170,800,800,800,800,800,799,800,800,800,800,800,800,0,0,100,0,0,5.263157844543457,0,0,0,0,0,0,15392.484130859375,4096,387,2943,50,0,219604.45568847656,171486.00091552734,2838.5646362304688,16408723456,4294963200,2663641088,114688
200,1772065188370,800,800,800,800,800,799,800,800,800,800,800,800,0,0,100,0,0,10,0,0,0,0,0,0,15392.66259765625,4096,387,2953,50,0,219607.9154663086,171488.8680419922,2838.5646362304688,16408723456,4294963200,2721157120,114688
200,1772065188570,800,800,800,800,800,799,800,800,800,800,800,800,0,0,10,85,0,14.285715103149414,0,0,0,0,0,0,15392.842102050781,4096,387,3110,50,0,219611.1153564453,171491.50201416016,2838.5646362304688,16408723456,4294963200,2752380928,114688
200,1772065188770,800,800,800,800,800,799,800,800,800,800,800,800,0,0,0,100,0,5.263157844543457,0,0,0,0,0,0,15392.993286132813,4096,387,3012,50,0,219614.77880859375,171494.61267089844,2838.5646362304688,16408723456,4294963200,2771550208,114688
200,1772065188970,800,800,800,800,800,799,800,800,800,800,800,800,0,0,0,100,0,4.761904716491699,0,0,0,0,0,10,15393.180419921875,4096,387,2916,50,0,219618.09240722656,171497.34741210938,2838.5646362304688,16408723456,4294963200,2789920768,114688
200,1772065189170,800,800,800,800,800,799,800,800,800,800,800,800,0,0,0,100,0,0,0,0,0,0,0,5.263157844543457,15393.320983886719,4096,387,2966,50,0,219621.70513916016,171500.41119384766,2838.5646362304688,16408723456,4294963200,2806116352,114688
200,1772065189370,800,800,800,800,800,799,800,800,800,800,800,800,0,0,0,100,0,0,0,0,0,0,0,10,15393.475341796875,4096,387,2957,50,0,219625.44232177734,171503.5714111328,2838.5646362304688,16408723456,4294963200,2824220672,114688
200,1772065189570,800,800,800,800,800,799,800,800,800,800,800,800,0,0,0,100,0,0,0,0,0,0,0,10,15393.677062988281,4096,387,3110,50,0,219628.39825439453,171505.95306396484,2838.5646362304688,16408723456,4294963200,2847117312,114688
200,1772065189770,800,800,800,800,800,799,800,800,800,800,800,800,0,0,0,100,0,0,0,0,0,0,0,10,15393.827453613281,4096,387,3004,50,0,219632.18743896484,171509.18572998047,2838.5646362304688,16408723456,4294963200,2865750016,114688
200,1772065189970,800,800,800,800,800,799,800,800,800,800,800,800,0,0,0,100,0,0,0,0,0,0,0,10,15394.042175292969,4096,387,2936,50,0,219635.3812866211,171511.79748535156,2838.5646362304688,16408723456,4294963200,2874757120,114688
199,1772065190171,800,800,800,800,800,799,800,800,800,800,800,800,14.285715103149414,0,0,100,0,0,0,0,0,0,0,0,15394.198608398438,4096,387,2994,50,0,219638.47985839844,171514.34149169922,2838.5646362304688,16408723456,4294963200,2901692416,114688
200,1772065190371,800,800,800,800,800,799,800,800,800,800,800,800,10,0,0,100,0,0,0,0,0,0,0,0,15394.342102050781,4096,387,2941,50,0,219642.23852539063,171517.54858398438,2838.5646362304688,16408723456,4294963200,2914615296,114688
200,1772065190571,800,800,800,800,800,799,800,800,800,800,800,800,5.263157844543457,0,0,100,0,0,0,0,0,0,0,0,15394.488159179688,4096,387,3109,50,0,219646.08306884766,171520.82879638672,2838.5756225585938,16408723456,4294963200,2923917312,114688
200,1772065190771,800,800,800,800,800,799,800,800,800,800,800,800,14.285715103149414,0,0,95,0,0,0,0,0,0,0,0,15394.634460449219,4096,390,3092,50,0,219650.0743408203,171523.89965820313,2838.5756225585938,16408723456,4294963200,2955714560,114688
200,1772065190971,800,800,800,800,800,799,800,800,800,800,800,800,10,0,0,100,0,0,0,0,0,0,0,0,15394.772399902344,4096,390,2967,50,0,219653.79998779297,171527.07360839844,2838.5756225585938,16408723456,4294963200,2959069184,114688
200,1772065191171,800,800,800,800,800,799,800,800,800,800,800,800,5.263157844543457,0,0,100,0,0,0,0,0,0,0,0,15394.912841796875,4096,390,2985,50,0,219657.60961914063,171530.32360839844,2838.5836181640625,16408723456,4294963200,2960039936,114688
200,1772065191371,800,800,800,800,800,799,800,800,800,800,800,800,10,0,0,100,0,0,0,0,0,0,0,0,15395.052978515625,4096,390,2986,50,0,219661.34423828125,171533.50903320313,2838.5836181640625,16408723456,4294963200,2960039936,114688
200,1772065191571,800,800,800,800,800,799,800,800,800,800,800,800,10,0,0,100,0,0,0,0,0,0,0,0,15395.291931152344,4096,390,3141,50,0,219663.67407226563,171535.2481689453,2838.5836181640625,16408723456,4294963200,2968293376,114688
200,1772065191771,800,800,800,800,800,799,800,800,800,800,800,800,10,0,0,10,0,0,0,94.73684692382813,0,0,0,0,15395.442443847656,4096,390,3088,50,0,219667.37573242188,171538.39093017578,2838.5895385742188,16408723456,4294963200,2980147200,114688
200,1772065191971,800,800,800,800,800,799,800,800,800,800,800,800,20,10,9.523809432983398,0,0,0,0,100,0,0,10,10,15395.620666503906,4096,390,3067,50,0,219672.14093017578,171542.55145263672,2838.6056518554688,16408723456,4294963200,3079188480,114688
200,1772065192171,800,800,800,800,800,799,800,800,800,800,800,800,75,75,78.94737243652344,0,0,10,0,100,0,0,75,75,15395.825317382813,4096,390,3029,50,0,219682.26824951172,171552.0860595703,2838.6213989257813,16408723456,4294963200,3122724864,114688
200,1772065192372,800,800,800,800,800,799,800,800,800,800,800,800,0,0,0,0,0,10,0,100,0,0,0,0,15395.97412109375,4096,390,2993,50,0,219686.03674316406,171555.28985595703,2838.6306762695313,16408723456,4294963200,3122724864,114688
200,1772065192572,800,800,800,800,800,799,800,800,800,800,800,800,0,0,0,0,0,10,0,100,0,0,0,0,15396.120910644531,4096,390,3174,50,0,219689.751953125,171558.44995117188,2838.6306762695313,16408723456,4294963200,3122724864,114688
200,1772065192772,800,800,800,800,800,799,800,800,800,800,800,800,0,0,0,0,0,10,0,100,0,0,0,0,15396.265197753906,4096,390,3116,50,0,219693.4805908203,171561.62451171875,2838.6306762695313,16408723456,4294963200,3122724864,114688
200,1772065192972,800,800,800,800,800,799,800,800,800,800,800,800,0,0,0,0,0,5.263157844543457,0,100,0,0,0,0,15396.465942382813,4096,390,3066,50,0,219697.15789794922,171564.7144165039,2838.6367797851563,16408723456,4294963200,3312381952,114688
200,1772065193172,800,800,800,800,800,799,800,800,800,800,800,800,20,20,20,0,0,14.285715103149414,0,95,0,0,20,20,15396.731750488281,4096,400,6238,50,0,219701.73266601563,171568.5845336914,2838.6367797851563,16408723456,4294963200,3550662656,114688
200,1772065193372,800,800,800,800,800,799,800,800,800,800,800,800,0,0,0,0,0,10,0,100,0,0,0,0,15396.938232421875,4096,598,12758,50,5,219705.25994873047,171571.50549316406,2838.6367797851563,16408723456,4294963200,3549900800,114688
200,1772065193572,800,800,800,800,800,799,800,800,800,800,800,800,5.263157844543457,5,9.523809432983398,85,0,10,4.761904716491699,19.047618865966797,0,0,5.263157844543457,9.523809432983398,15397.166381835938,4096,680,18582,51,23,219709.37438964844,171574.9627685547,2838.6682739257813,16408723456,4294963200,3548516352,114688
200,1772065193772,800,800,800,800,800,799,800,800,800,800,800,800,0,0,0,100,0,5,0,0,0,0,0,0,15397.386413574219,4096,684,12763,51,39,219713.0155029297,171578.03283691406,2838.6682739257813,16408723456,4294963200,3881865216,114688
200,1772065193972,800,800,800,800,800,799,800,800,800,800,800,800,9.523809432983398,10.526315689086914,10,100,0,10,0,0,4.761904716491699,0,10,5.263157844543457,15397.555847167969,4096,686,20906,51,54,219717.9610595703,171582.51055908203,2838.6682739257813,16408723456,4294963200,3997270016,114688
200,1772065194172,800,800,800,800,800,799,800,800,800,800,800,800,5.263157844543457,14.285715103149414,10.526315689086914,100,0,10.526315689086914,0,0,10.526315689086914,0,15.000000953674316,0,15397.70458984375,4096,686,24569,52,95,219724.09259033203,171588.01348876953,2838.674560546875,16408723456,4294963200,4005404672,114688
200,1772065194372,800,800,800,800,800,799,800,800,800,800,800,800,9.523809432983398,15.000000953674316,15.000000953674316,100,0,15.000000953674316,0,0,15.000000953674316,0,15.000000953674316,0,15397.8525390625,4096,686,32414,52,87,219728.64190673828,171592.02001953125,2838.674560546875,16408723456,4294963200,4007501824,114688
200,1772065194573,800,800,800,800,800,799,800,800,800,800,800,800,5,5.263157844543457,20,100,0,20,0,0,20,15.000000953674316,20,0,15398.003967285156,4096,686,32711,55,90,219733.73956298828,171596.57690429688,2838.674560546875,16408723456,4294963200,4009050112,114688
200,1772065194773,800,800,800,800,800,799,800,800,800,800,800,800,15.789472579956055,0,15.000000953674316,100,0,15.000000953674316,0,0,15.000000953674316,10.526315689086914,15.000000953674316,0,15398.153259277344,4096,686,30428,55,88,219738.4854736328,171600.7667236328,2838.6790161132813,16408723456,4294963200,4009316352,114688
199,1772065194973,800,800,800,800,800,799,800,800,800,800,800,800,14.285715103149414,0,20,100,0,20,0,0,20,23.809524536132813,20,0,15398.304260253906,4096,686,32692,55,88,219743.50701904297,171605.24627685547,2838.6790161132813,16408723456,4294963200,4016357376,114688
199,1772065195173,800,800,800,800,800,799,800,800,800,800,800,800,5,0,20,100,0,20,0,0,20,15.789472579956055,19.047618865966797,0,15398.455932617188,4096,686,31204,55,92,219748.3627319336,171609.57458496094,2838.6790161132813,16408723456,4294963200,4002512896,114688
200,1772065195373,800,800,800,800,800,799,800,800,800,800,800,800,5,0,15.000000953674316,100,15.000000953674316,15.000000953674316,0,0,15.000000953674316,19.047618865966797,0,0,15398.604553222656,4096,686,31713,55,87,219753.02337646484,171613.67193603516,2838.6849365234375,16408723456,4294963200,4010328064,114688
200,1772065195573,800,800,800,800,800,799,800,800,800,800,800,800,5,0,23.809524536132813,100,20,23.809524536132813,0,0,20,20,0,0,15398.755920410156,4096,686,32587,56,88,219758.09161376953,171618.19427490234,2838.6849365234375,16408723456,4294963200,4015747072,114688
200,1772065195773,800,800,800,800,800,799,800,800,800,800,800,800,10,0,15.000000953674316,100,15.000000953674316,10.526315689086914,0,0,15.000000953674316,15.000000953674316,0,0,15398.901916503906,4096,686,32245,56,91,219762.5785522461,171622.14227294922,2838.6849365234375,16408723456,4294963200,4020133888,114688
200,1772065195973,800,800,800,800,800,799,800,800,800,800,800,800,5,0,20,100,20,20,0,0,20,20,0,0,15399.053100585938,4096,686,32630,56,88,219767.62762451172,171626.64190673828,2838.6892700195313,16408723456,4294963200,4018970624,114688
200,1772065196173,800,800,800,800,800,799,800,800,800,800,800,800,5,0,20,100,20,20,0,0,20,15.789472579956055,0,0,15399.20458984375,4096,686,30813,56,91,219772.50939941406,171631.0118408203,2838.6892700195313,16408723456,4294963200,4010708992,114688
200,1772065196373,800,800,800,800,800,799,800,800,800,800,800,800,5.263157844543457,0,15.000000953674316,100,15.000000953674316,15.000000953674316,0,0,19.047618865966797,15.000000953674316,0,0,15399.347106933594,4096,686,32547,56,91,219777.1375732422,171635.07025146484,2838.6892700195313,16408723456,4294963200,4014063616,114688
200,1772065196573,800,800,800,800,800,799,800,800,800,800,800,800,9.523809432983398,0,20,100,20,20,0,0,20,23.809524536132813,0,0,15399.498718261719,4096,686,33169,56,89,219782.25024414063,171639.6162109375,2838.693603515625,16408723456,4294963200,4017418240,114688
200,1772065196773,800,800,800,800,800,799,800,800,800,800,800,800,5.263157844543457,0,15.000000953674316,100,15.000000953674316,15.000000953674316,0,0,15.000000953674316,15.789472579956055,0,0,15399.643737792969,4096,686,31231,56,91,219787.01916503906,171643.84899902344,2838.693603515625,16408723456,4294963200,4019482624,114688
200,1772065196974,800,800,800,800,800,799,800,800,800,800,800,800,5,0,20,100,20,20,0,0,15.789472579956055,15.000000953674316,0,0,15399.789855957031,4096,686,32002,56,91,219791.72302246094,171648.00939941406,2838.693603515625,16408723456,4294963200,4026966016,114688
200,1772065197174,800,800,800,800,800,799,800,800,800,800,800,800,9.523809432983398,0,20,100,20,20,0,0,23.809524536132813,20,0,0,15399.940673828125,4096,686,32801,57,90,219796.82543945313,171652.56176757813,2838.6978759765625,16408723456,4294963200,4011794432,114688
200,1772065197374,800,800,800,800,800,799,800,800,800,800,800,800,5.263157844543457,0,10.526315689086914,100,10.526315689086914,15.000000953674316,0,0,10.526315689086914,15.000000953674316,0,0,15400.08935546875,4096,686,29788,57,89,219801.36010742188,171656.55407714844,2838.6978759765625,16408723456,4294963200,4021858304,114688
200,1772065197574,800,800,800,800,800,799,800,800,800,800,800,800,5,0,23.809524536132813,100,23.809524536132813,20,0,0,20,20,0,0,15400.237976074219,4096,686,32429,57,90,219806.37231445313,171661.0230102539,2838.6978759765625,16408723456,4294963200,4026503168,114688
199,1772065197774,800,800,800,800,800,799,800,800,800,800,800,800,20,0,15.000000953674316,100,15.000000953674316,19.047618865966797,0,0,19.047618865966797,19.047618865966797,0,0,15400.390869140625,4096,686,32180,57,87,219811.36389160156,171665.47509765625,2838.7022705078125,16408723456,4294963200,4025323520,114688
200,1772065197974,800,800,800,800,800,799,800,800,800,800,800,800,5,0,15.789472579956055,100,15.789472579956055,20,0,0,15.789472579956055,15.789472579956055,0,0,15400.542419433594,4096,686,31179,57,91,219816.13287353516,171669.6845703125,2838.7022705078125,16408723456,4294963200,4023406592,114688
200,1772065198174,800,800,800,800,800,799,800,800,800,800,800,800,9.523809432983398,0,20,100,0,20,0,0,20,20,21.052631378173828,0,15400.691833496094,4096,686,33127,57,88,219821.2026977539,171674.2084350586,2838.7022705078125,16408723456,4294963200,4009463808,114688
200,1772065198374,800,800,800,800,800,799,800,800,800,800,800,800,5.263157844543457,0,15.000000953674316,100,0,10.526315689086914,0,0,15.000000953674316,15.000000953674316,14.285715103149414,0,15400.838684082031,4096,686,30856,57,88,219825.68280029297,171678.14031982422,2838.706787109375,16408723456,4294963200,3997814784,114688
200,1772065198574,800,800,800,800,800,799,800,800,800,800,800,800,5,0,20,100,0,20,0,0,20,23.809524536132813,20,0,15400.992004394531,4096,686,32860,57,88,219830.73699951172,171682.65020751953,2838.706787109375,16408723456,4294963200,4004265984,114688
200,1772065198774,800,800,800,800,800,799,800,800,800,800,800,800,5,0,15.000000953674316,100,0,15.000000953674316,0,0,15.000000953674316,14.285715103149414,15.789472579956055,0,15401.142395019531,4096,686,32742,57,92,219835.44036865234,171686.81579589844,2838.706787109375,16408723456,4294963200,4002787328,114688
200,1772065198974,800,800,800,800,800,799,800,800,800,800,800,800,5.263157844543457,0,20,100,0,20,0,0,20,20,19.047618865966797,0,15401.2900390625,4096,686,30548,57,88,219840.30334472656,171691.08001708984,2838.711669921875,16408723456,4294963200,3997700096,114688
200,1772065199174,800,800,800,800,800,799,800,800,800,800,800,800,9.523809432983398,20,20,100,20,20,0,0,20,0,0,0,15401.442626953125,4096,686,32872,57,90,219845.3807373047,171695.61297607422,2838.711669921875,16408723456,4294963200,3999506432,114688
200,1772065199375,800,800,800,800,800,799,800,800,800,800,800,800,9.523809432983398,15.000000953674316,15.000000953674316,100,18.18181800842285,15.000000953674316,0,0,15.000000953674316,0,0,0,15401.588562011719,4096,686,32787,57,91,219849.88256835938,171699.57293701172,2838.711669921875,16408723456,4294963200,3998212096,114688
200,1772065199575,800,800,800,800,800,799,800,800,800,800,800,800,5.263157844543457,20,20,100,21.052631378173828,20,4.761904716491699,0,20,0,0,0,15401.742065429688,4096,686,30805,57,88,219854.9842529297,171704.1231689453,2838.716064453125,16408723456,4294963200,3996020736,114688
200,1772065199775,800,800,800,800,800,799,800,800,800,800,800,800,5,15.000000953674316,15.000000953674316,100,14.285715103149414,15.000000953674316,0,0,15.000000953674316,0,0,0,15401.892456054688,4096,686,32297,57,90,219859.56048583984,171708.15576171875,2838.716064453125,16408723456,4294963200,3989676032,114688
200,1772065199975,800,800,800,800,800,799,800,800,800,800,800,800,5,20,20,100,21.052631378173828,20,0,0,20,0,0,0,15402.040954589844,4096,686,30978,57,87,219864.53002929688,171712.58209228516,2838.716064453125,16408723456,4294963200,3991740416,114688
200,1772065200175,800,800,800,800,800,799,800,800,800,800,800,800,5.263157844543457,20,23.809524536132813,100,20,4.761904716491699,0,0,20,0,0,20,15402.198303222656,4096,686,32619,58,89,219869.64910888672,171717.13549804688,2838.7347412109375,16408723456,4294963200,3983421440,114688
200,1772065200375,800,800,800,800,800,799,800,800,800,800,800,800,5,15.000000953674316,15.000000953674316,100,15.000000953674316,0,0,0,19.047618865966797,0,0,18.18181800842285,15402.345153808594,4096,686,32887,58,93,219874.1001586914,171721.04455566406,2838.7347412109375,16408723456,4294963200,3977203712,114688
200,1772065200575,800,800,800,800,800,799,800,800,800,800,800,800,13.636363983154297,20,20,100,20,0,0,0,20,0,0,20,15402.497924804688,4096,686,30298,58,89,219879.20245361328,171725.59838867188,2838.7347412109375,16408723456,4294963200,3982106624,114688
200,1772065200775,800,800,800,800,800,799,800,800,800,800,800,800,5.263157844543457,15.000000953674316,15.000000953674316,100,14.285715103149414,0,0,0,15.000000953674316,0,4.761904716491699,15.000000953674316,15402.644653320313,4096,686,32410,58,90,219883.81512451172,171729.66302490234,2838.7410278320313,16408723456,4294963200,3971788800,114688
200,1772065200975,800,800,800,800,800,799,800,800,800,800,800,800,5,20,20,100,21.052631378173828,0,0,0,20,0,0,20,15402.795227050781,4096,686,33007,58,89,219888.76794433594,171734.0693359375,2838.7410278320313,16408723456,4294963200,3967148032,114688
200,1772065201175,800,800,800,800,800,799,800,800,800,800,800,800,10,23.809524536132813,20,100,20,0,0,0,20,0,0,20,15402.94873046875,4096,686,31179,58,89,219893.84631347656,171738.5835571289,2838.7410278320313,16408723456,4294963200,3961692160,114688
200,1772065201375,800,800,800,800,800,799,800,800,800,800,800,800,5,15.000000953674316,15.000000953674316,100,15.000000953674316,0,0,0,15.000000953674316,0,0,15.000000953674316,15403.095825195313,4096,686,32776,58,91,219898.38385009766,171742.57385253906,2838.74560546875,16408723456,4294963200,3966373888,114688
200,1772065201576,800,800,800,800,800,799,800,800,800,800,800,800,5,20,20,100,20,0,0,0,20,0,0,20,15403.246032714844,4096,686,31386,58,87,219903.45825195313,171747.10498046875,2838.74560546875,16408723456,4294963200,3966373888,114688
200,1772065201776,800,800,800,800,800,799,800,800,800,800,800,800,5.263157844543457,15.000000953674316,15.000000953674316,100,14.285715103149414,0,0,0,15.000000953674316,0,0,15.000000953674316,15403.391479492188,4096,686,32486,58,90,219908.01531982422,171751.11785888672,2838.74560546875,16408723456,4294963200,3966369792,114688
200,1772065201976,800,800,800,800,800,799,800,800,800,800,800,800,9.523809432983398,20,20,100,21.052631378173828,0,0,0,20,0,0,21.052631378173828,15403.541687011719,4096,686,32457,58,92,219912.99102783203,171755.54431152344,2838.74560546875,16408723456,4294963200,3960958976,114688
200,1772065202176,800,800,800,800,800,799,800,800,800,800,800,800,5.263157844543457,20,15.000000953674316,100,19.047618865966797,0,0,0,15.789472579956055,0,0,15.789472579956055,15403.694458007813,4096,686,30086,58,88,219917.9608154297,171759.96020507813,2838.74560546875,16408723456,4294963200,3940884480,114688
200,1772065202376,800,800,800,800,800,799,800,800,800,800,800,800,5,15.000000953674316,20,100,15.789472579956055,0,0,0,19.047618865966797,0,0,19.047618865966797,15403.840026855469,4096,686,32341,58,90,219922.5877685547,171764.029296875,2838.74560546875,16408723456,4294963200,3944873984,114688
200,1772065202576,800,800,800,800,800,799,800,800,800,800,800,800,9.523809432983398,21.052631378173828,20,100,20,0,0,0,20,0,0,20,15403.991577148438,4096,686,31715,59,89,219927.7186279297,171768.61096191406,2838.74560546875,16408723456,4294963200,3950034944,114688
200,1772065202776,800,800,800,800,800,799,800,800,800,800,800,800,5.263157844543457,14.285715103149414,15.000000953674316,100,14.285715103149414,0,0,0,15.000000953674316,0,0,15.000000953674316,15404.136047363281,4096,686,31709,59,89,219932.28631591797,171772.6351928711,2838.74560546875,16408723456,4294963200,3950809088,114688
200,1772065202976,800,800,800,800,800,799,800,800,800,800,800,800,9.523809432983398,20,14.285715103149414,100,21.052631378173828,5,5.263157844543457,0,20,0,0,15.000000953674316,15404.287231445313,4096,686,32395,59,92,219937.34533691406,171777.14904785156,2838.74560546875,16408723456,4294963200,3947622400,114688
200,1772065203176,800,800,800,800,800,799,800,800,800,800,800,800,5.263157844543457,15.000000953674316,0,100,14.285715103149414,15.000000953674316,14.285715103149414,0,15.000000953674316,0,0,0,15404.435302734375,4096,686,30459,59,87,219941.85638427734,171781.1558227539,2838.74560546875,16408723456,4294963200,3935670272,114688
200,1772065203376,800,800,800,800,800,799,800,800,800,800,800,800,9.523809432983398,20,0,100,21.052631378173828,20,20,0,20,0,0,0,15404.583312988281,4096,686,32582,59,90,219946.7593383789,171785.47595214844,2838.74560546875,16408723456,4294963200,3938508800,114688
200,1772065203576,800,800,800,800,800,799,800,800,800,800,800,800,5,21.052631378173828,0,100,20,20,21.052631378173828,0,20,0,0,0,15404.735656738281,4096,686,32563,59,89,219951.93585205078,171790.08526611328,2838.74560546875,16408723456,4294963200,3946823680,114688
200,1772065203776,800,800,800,800,800,799,800,800,800,800,800,800,5.263157844543457,14.285715103149414,0,100,23.809524536132813,10.526315689086914,15.000000953674316,0,15.000000953674316,0,0,0,15404.885803222656,4096,686,31294,59,88,219957.5200805664,171795.12561035156,2838.74560546875,16408723456,4294963200,3943960576,114688
199,1772065203977,800,800,800,800,800,799,800,800,800,800,800,800,9.523809432983398,21.052631378173828,60.000003814697266,100,25,23.809524536132813,23.809524536132813,0,20,0,0,0,15405.061157226563,4096,686,31393,59,91,219964.06170654297,171801.11010742188,2838.74560546875,16408723456,4294963200,3958640640,114688
200,1772065204177,800,800,800,800,800,799,800,800,800,800,800,800,5,15.000000953674316,0,100,15.000000953674316,15.000000953674316,10.526315689086914,0,15.000000953674316,0,0,0,15405.206665039063,4096,686,32231,59,87,219968.58129882813,171805.08618164063,2838.74560546875,16408723456,4294963200,3958775808,114688
200,1772065204377,800,800,800,800,800,799,800,800,800,800,800,800,5.263157844543457,20,0,100,20,20,20,0,20,4.761904716491699,0,0,15405.35888671875,4096,686,32614,59,90,219973.59399414063,171809.55078125,2838.74560546875,16408723456,4294963200,3963936768,114688
200,1772065204577,800,800,800,800,800,799,800,800,800,800,800,800,5,15.000000953674316,0,100,15.000000953674316,10.526315689086914,15.000000953674316,0,10.526315689086914,0,0,0,15405.506103515625,4096,686,30390,59,89,219978.16497802734,171813.57720947266,2838.74560546875,16408723456,4294963200,3950247936,114688
200,1772065204777,800,800,800,800,800,799,800,800,800,800,800,800,5.263157844543457,20,0,100,20,20,20,0,27.272727966308594,0,0,0,15405.656860351563,4096,686,32879,59,87,219983.18786621094,171818.0546875,2838.74560546875,16408723456,4294963200,3948187648,114688
200,1772065204977,800,800,800,800,800,799,800,800,800,800,800,800,9.523809432983398,15.000000953674316,0,100,15.789472579956055,23.809524536132813,19.047618865966797,0,15.000000953674316,0,0,0,15405.808227539063,4096,686,31040,59,91,219988.0708618164,171822.41046142578,2838.74560546875,16408723456,4294963200,3948519424,114688
200,1772065205177,800,800,800,800,800,799,800,800,800,800,800,800,9.523809432983398,0,0,100,19.047618865966797,15.000000953674316,20,0,15.789472579956055,20,0,0,15405.953735351563,4096,686,32542,59,88,219992.80206298828,171826.57739257813,2838.74560546875,16408723456,4294963200,3950243840,114688
200,1772065205377,800,800,800,800,800,799,800,800,800,800,800,800,5,0,0,100,20,20,20,0,23.809524536132813,20,0,0,15406.105834960938,4096,686,32459,59,91,219997.93395996094,171831.16162109375,2838.74560546875,16408723456,4294963200,3946594304,114688
200,1772065205577,800,800,800,800,800,799,800,800,800,800,800,800,5.263157844543457,0,0,100,15.000000953674316,15.000000953674316,15.000000953674316,0,10.526315689086914,15.000000953674316,0,0,15406.250122070313,4096,686,30835,59,89,220002.4949951172,171835.18231201172,2838.74560546875,16408723456,4294963200,3946594304,114688
200,1772065205777,800,800,800,800,800,799,800,800,800,800,800,800,5,0,0,100,20,20,20,0,23.809524536132813,20,0,0,15406.401794433594,4096,686,32556,59,89,220007.5440673828,171839.6795654297,2838.74560546875,16408723456,4294963200,3950723072,114688
200,1772065205977,800,800,800,800,800,799,800,800,800,800,800,800,5.263157844543457,0,0,100,15.000000953674316,15.000000953674316,15.000000953674316,0,10.526315689086914,15.000000953674316,0,0,15406.550415039063,4096,686,31037,59,92,220012.1590576172,171843.75189208984,2838.74560546875,16408723456,4294963200,3953737728,114688
200,1772065206177,800,800,800,800,800,799,800,800,800,800,800,800,13.636363983154297,0,0,100,20,20,20,0,23.809524536132813,20,0,0,15406.700317382813,4096,686,32188,60,87,220017.13439941406,171848.1626586914,2838.74560546875,16408723456,4294963200,3933143040,114688
200,1772065206378,800,800,800,800,800,799,800,800,800,800,800,800,5,4.761904716491699,0,100,20,20,20,0,15.789472579956055,15.000000953674316,0,0,15406.849243164063,4096,686,32747,60,90,220022.1005859375,171852.5874633789,2838.74560546875,16408723456,4294963200,3944693760,114688
200,1772065206578,800,800,800,800,800,799,800,800,800,800,800,800,5.263157844543457,15.000000953674316,0,100,15.000000953674316,15.000000953674316,15.000000953674316,0,19.047618865966797,0,0,0,15406.994689941406,4096,686,30198,60,91,220026.76300048828,171856.70086669922,2838.74560546875,16408723456,4294963200,3958038528,114688
200,1772065206778,800,800,800,800,800,799,800,800,800,800,800,800,5,21.052631378173828,0,100,20,23.809524536132813,20,0,20,0,0,0,15407.148132324219,4096,686,32101,60,87,220031.9259033203,171861.31567382813,2838.74560546875,16408723456,4294963200,3952885760,114688
200,1772065206978,800,800,800,800,800,799,800,800,800,800,800,800,5,15.000000953674316,0,100,15.000000953674316,15.000000953674316,15.000000953674316,0,15.000000953674316,0,0,0,15407.295166015625,4096,686,31164,60,90,220036.47778320313,171865.32391357422,2838.74560546875,16408723456,4294963200,3946688512,114688
200,1772065207178,800,800,800,800,800,799,800,800,800,800,800,800,10,0,0,100,20,20,20,0,20,19.047618865966797,0,0,15407.446411132813,4096,686,32187,60,88,220041.60717773438,171869.87701416016,2838.74560546875,16408723456,4294963200,3942014976,114688
200,1772065207378,800,800,800,800,800,799,800,800,800,800,800,800,5,0,0,100,15.000000953674316,10.526315689086914,15.000000953674316,0,10.526315689086914,15.000000953674316,0,0,15407.591735839844,4096,686,32646,60,91,220046.20141601563,171873.92840576172,2838.74560546875,16408723456,4294963200,3949236224,114688
199,1772065207578,800,800,800,800,800,799,800,800,800,800,800,800,5,0,0,100,20,23.809524536132813,20,0,23.809524536132813,20,0,0,15407.743103027344,4096,686,30771,60,89,220051.2061767578,171878.38208007813,2838.74560546875,16408723456,4294963200,3934228480,114688
200,1772065207778,800,800,800,800,800,799,800,800,800,800,800,800,5.263157844543457,0,0,100,15.789472579956055,15.789472579956055,19.047618865966797,0,15.000000953674316,15.789472579956055,0,0,15407.892578125,4096,686,32399,60,88,220056.0379638672,171882.69750976563,2838.74560546875,16408723456,4294963200,3933540352,114688
200,1772065207978,800,800,800,800,800,799,800,800,800,800,800,800,9.523809432983398,0,0,100,19.047618865966797,19.047618865966797,15.789472579956055,0,20,19.047618865966797,0,0,15408.038940429688,4096,686,31371,60,92,220060.7564086914,171886.8428955078,2838.74560546875,16408723456,4294963200,3941965824,114688
200,1772065208178,800,800,800,800,800,799,800,800,800,800,800,800,5,0,0,100,20,20,20,0,23.809524536132813,20,0,0,15408.189575195313,4096,686,32382,60,88,220065.86602783203,171891.40350341797,2838.74560546875,16408723456,4294963200,3919122432,114688
200,1772065208378,800,800,800,800,800,799,800,800,800,800,800,800,5.263157844543457,0,0,100,15.000000953674316,10.526315689086914,15.000000953674316,0,10.526315689086914,15.000000953674316,0,0,15408.335876464844,4096,686,32807,60,91,220070.43359375,171895.40826416016,2838.74560546875,16408723456,4294963200,3919638528,114688
200,1772065208579,800,800,800,800,800,799,800,800,800,800,800,800,9.523809432983398,0,0,100,20,20,23.809524536132813,0,20,20,0,0,15408.485290527344,4096,686,30485,60,90,220075.5357055664,171899.9659423828,2838.74560546875,16408723456,4294963200,3918352384,114688
200,1772065208779,800,800,800,800,800,799,800,800,800,800,800,800,5,0,0,100,15.000000953674316,15.000000953674316,14.285715103149414,0,15.000000953674316,15.000000953674316,0,0,15408.6318359375,4096,686,32340,60,87,220080.1573486328,171904.04028320313,2838.74560546875,16408723456,4294963200,3918352384,114688
200,1772065208979,800,800,800,800,800,799,800,800,800,800,800,800,5.263157844543457,5,0,100,20,20,21.052631378173828,0,20,15.000000953674316,0,0,15408.783020019531,4096,686,31595,60,92,220085.08575439453,171908.4204711914,2838.74560546875,16408723456,4294963200,3912040448,114688
200,1772065209179,800,800,800,800,800,799,800,800,800,800,800,800,13.636363983154297,20,0,100,0,20,15.000000953674316,0,19.047618865966797,0,20,0,15408.932006835938,4096,686,32190,61,88,220089.9853515625,171912.7855834961,2838.74560546875,16408723456,4294963200,3911659520,114688
200,1772065209379,800,800,800,800,800,799,800,800,800,800,800,800,5.263157844543457,15.000000953674316,0,100,0,15.000000953674316,20,0,15.789472579956055,0,15.000000953674316,0,15409.077331542969,4096,686,32822,61,90,220094.6962890625,171916.93780517578,2838.74560546875,16408723456,4294963200,3914731520,114688
200,1772065209579,800,800,800,800,800,799,800,800,800,800,800,800,5,20,0,100,0,20,20,0,20,0,20,0,15409.227294921875,4096,686,30787,61,91,220099.79748535156,171921.4898071289,2838.74560546875,16408723456,4294963200,3901095936,114688
200,1772065209779,800,800,800,800,800,799,800,800,800,800,800,800,5,15.000000953674316,0,100,0,19.047618865966797,10,0,15.000000953674316,0,15.000000953674316,0,15409.373474121094,4096,686,32236,61,88,220104.4087524414,171925.55786132813,2838.74560546875,16408723456,4294963200,3912482816,114688
200,1772065209979,800,800,800,800,800,799,800,800,800,800,800,800,5,20,0,100,0,20,21.052631378173828,0,20,0,20,0,15409.526245117188,4096,686,31772,61,92,220109.53887939453,171930.13598632813,2838.74560546875,16408723456,4294963200,3908804608,114688
200,1772065210179,800,800,800,800,800,799,800,800,800,800,800,800,5.263157844543457,15.000000953674316,0,100,0,15.000000953674316,14.285715103149414,10,10.526315689086914,0,15.000000953674316,0,15409.6767578125,4096,686,31956,61,87,220114.05450439453,171934.1068725586,2838.74560546875,16408723456,4294963200,3897790464,114688
200,1772065210379,800,800,800,800,800,799,800,800,800,800,800,800,9.523809432983398,20,0,100,0,20,21.052631378173828,0,23.809524536132813,0,20,0,15409.827697753906,4096,686,32763,61,90,220119.04473876953,171938.54693603516,2838.74560546875,16408723456,4294963200,3893460992,114688
200,1772065210579,800,800,800,800,800,799,800,800,800,800,800,800,5,20,0,100,0,15.789472579956055,19.047618865966797,0,15.000000953674316,0,15.789472579956055,0,15409.979553222656,4096,686,30649,61,90,220123.9771118164,171942.91174316406,2838.74560546875,16408723456,4294963200,3896299520,114688
200,1772065210780,800,800,800,800,800,799,800,800,800,800,800,800,10,15.000000953674316,0,100,0,15.000000953674316,15.789472579956055,0,15.789472579956055,0,15.000000953674316,0,15410.124572753906,4096,686,32591,61,88,220128.73626708984,171947.12719726563,2838.74560546875,16408723456,4294963200,3896299520,114688
200,1772065210980,800,800,800,800,800,799,800,800,800,800,800,800,5,23.809524536132813,0,100,0,23.809524536132813,20,0,20,0,23.809524536132813,0,15410.2783203125,4096,686,31521,61,91,220133.83758544922,171951.67572021484,2838.74560546875,16408723456,4294963200,3899113472,114688
200,1772065211180,800,800,800,800,800,799,800,800,800,800,800,800,5.263157844543457,15.000000953674316,0,100,15.000000953674316,10.526315689086914,14.285715103149414,0,15.000000953674316,0,0,0,15410.422485351563,4096,686,31845,61,89,220138.306640625,171955.5990600586,2838.74560546875,16408723456,4294963200,3899015168,114688
200,1772065211380,800,800,800,800,800,799,800,800,800,800,800,800,5,20,0,100,20,20,21.052631378173828,0,20,0,0,0,15410.572937011719,4096,686,33062,61,89,220143.41485595703,171960.1586303711,2838.74560546875,16408723456,4294963200,3899015168,114688
200,1772065211580,800,800,800,800,800,799,800,800,800,800,800,800,9.523809432983398,15.000000953674316,0,100,15.000000953674316,15.000000953674316,14.285715103149414,0,15.000000953674316,0,0,0,15410.719482421875,4096,686,30984,61,91,220147.97900390625,171964.17706298828,2838.74560546875,16408723456,4294963200,3899015168,114688
200,1772065211780,800,800,800,800,800,799,800,800,800,800,800,800,5.263157844543457,20,0,100,20,20,21.052631378173828,0,20,0,0,0,15410.869995117188,4096,686,32061,61,88,220152.96453857422,171968.61193847656,2838.74560546875,16408723456,4294963200,3888496640,114688
200,1772065211980,800,800,800,800,800,799,800,800,800,800,800,800,5,15.789472579956055,0,100,15.789472579956055,20,15.000000953674316,0,15.000000953674316,0,0,0,15411.01953125,4096,686,32155,61,92,220157.82135009766,171972.943359375,2838.74560546875,16408723456,4294963200,3888324608,114688
200,1772065212180,800,800,800,800,800,799,800,800,800,800,800,800,9.523809432983398,15.000000953674316,0,100,19.047618865966797,15.000000953674316,19.047618865966797,0,23.809524536132813,0,0,0,15411.165466308594,4096,686,32586,61,89,220162.4935913086,171977.04516601563,2838.74560546875,16408723456,4294963200,3880173568,114688
200,1772065212380,800,800,800,800,800,799,800,800,800,800,800,800,10,23.809524536132813,0,100,20,20,21.052631378173828,0,20,0,0,0,15411.316711425781,4096,686,31031,61,89,220167.689453125,171981.66485595703,2838.74560546875,16408723456,4294963200,3898376192,114688
200,1772065212580,800,800,800,800,800,799,800,800,800,800,800,800,5,10.526315689086914,0,100,10.526315689086914,15.000000953674316,10,0,15.000000953674316,4.761904716491699,0,0,15411.462158203125,4096,686,32441,61,90,220172.20318603516,171985.63092041016,2838.74560546875,16408723456,4294963200,3897348096,114688
200,1772065212780,800,800,800,800,800,799,800,800,800,800,800,800,0,23.809524536132813,0,100,23.809524536132813,20,25,0,20,0,0,0,15411.613098144531,4096,686,32749,61,88,220177.32708740234,171990.20220947266,2838.74560546875,16408723456,4294963200,3898638336,114688
200,1772065212980,800,800,800,800,800,799,800,800,800,800,800,800,14.285715103149414,10.526315689086914,0,100,10.526315689086914,15.000000953674316,10,0,15.000000953674316,0,0,0,15411.757568359375,4096,686,31301,61,93,220181.97595214844,171994.28741455078,2838.74560546875,16408723456,4294963200,3898540032,114688
200,1772065213181,800,800,800,800,800,799,800,800,800,800,800,800,5,20,0,100,0,20,23.809524536132813,0,20,0,20,0,15411.908813476563,4096,686,32490,62,89,220186.96923828125,171998.73114013672,2838.74560546875,16408723456,4294963200,3899572224,114688
200,1772065213381,800,800,800,800,800,799,800,800,800,800,800,800,5,19.047618865966797,0,100,0,15.000000953674316,15.789472579956055,0,15.000000953674316,0,15.789472579956055,0,15412.058654785156,4096,686,31097,62,88,220191.7857055664,172003.00610351563,2838.74560546875,16408723456,4294963200,3899867136,114688
200,1772065213581,800,800,800,800,800,799,800,800,800,800,800,800,10,15.789472579956055,0,100,0,20,15.000000953674316,0,20,0,19.047618865966797,0,15412.205139160156,4096,686,32507,61,91,220196.5780029297,172007.24267578125,2838.74560546875,16408723456,4294963200,3899867136,114688
200,1772065213781,800,800,800,800,800,799,800,800,800,800,800,800,5,20,0,100,0,20,21.052631378173828,0,20,0,21.052631378173828,0,15412.357727050781,4096,686,32504,61,88,220201.7730102539,172011.875,2838.74560546875,16408723456,4294963200,3902955520,114688
200,1772065213981,800,800,800,800,800,799,800,800,800,800,800,800,5.263157844543457,15.000000953674316,0,100,0,15.000000953674316,14.285715103149414,0,10.526315689086914,0,10,0,15412.503540039063,4096,686,31525,61,92,220206.3056640625,172015.84600830078,2838.74560546875,16408723456,4294963200,3902963712,114688
200,1772065214181,800,800,800,800,800,799,800,800,800,800,800,800,9.523809432983398,0,0,100,0,20,20,0,20,20,28.571430206298828,0,15412.653442382813,4096,686,33145,62,88,220211.42510986328,172020.41369628906,2838.74560546875,16408723456,4294963200,3894759424,114688
200,1772065214381,800,800,800,800,800,799,800,800,800,800,800,800,5,0,0,100,0,15.000000953674316,19.047618865966797,0,15.000000953674316,15.000000953674316,10,0,15412.799133300781,4096,686,30835,62,90,220215.9906616211,172024.4320678711,2838.74560546875,16408723456,4294963200,3896659968,114688
200,1772065214581,800,800,800,800,800,799,800,800,800,800,800,800,5.263157844543457,0,0,100,4.761904716491699,20,20,0,20,20,20,0,15412.94921875,4096,686,32452,62,89,220221.04620361328,172028.93756103516,2838.74560546875,16408723456,4294963200,3888459776,114688
200,1772065214781,800,800,800,800,800,799,800,800,800,800,800,800,15.000000953674316,0,0,100,0,15.000000953674316,15.000000953674316,0,15.000000953674316,10.526315689086914,15.000000953674316,0,15413.099548339844,4096,686,32856,62,89,220225.90411376953,172033.2635498047,2838.74560546875,16408723456,4294963200,3889790976,114688
200,1772065214981,800,800,800,800,800,799,800,800,800,800,800,800,14.285715103149414,0,0,100,0,15.789472579956055,20,0,20,20,20,0,15413.245849609375,4096,686,31053,62,89,220230.80102539063,172037.58367919922,2838.74560546875,16408723456,4294963200,3896926208,114688
200,1772065215181,800,800,800,800,800,799,800,800,800,800,800,800,5,0,0,100,0,0,20,0,20,20,20,20,15413.395202636719,4096,686,32877,62,91,220235.833984375,172042.10119628906,2838.74560546875,16408723456,4294963200,3890638848,114688
200,1772065215381,800,800,800,800,800,799,800,800,800,800,800,800,5.263157844543457,0,0,100,0,0,15.000000953674316,14.285715103149414,15.000000953674316,15.000000953674316,15.000000953674316,0,15413.540100097656,4096,686,31295,62,88,220240.4076538086,172046.07220458984,2838.74560546875,16408723456,4294963200,3886333952,114688
200,1772065215582,800,800,800,800,800,799,800,800,800,800,800,800,5,0,0,100,0,23.809524536132813,20,0,20,20,20,0,15413.691650390625,4096,686,32576,62,89,220245.578125,172050.69360351563,2838.74560546875,16408723456,4294963200,3890008064,114688
200,1772065215782,800,800,800,800,800,799,800,800,800,800,800,800,5,0,0,100,4.761904716491699,10.526315689086914,10.526315689086914,0,15.000000953674316,15.000000953674316,15.000000953674316,0,15413.837280273438,4096,686,32656,62,90,220250.05596923828,172054.62377929688,2838.74560546875,16408723456,4294963200,3884486656,114688
200,1772065215982,800,800,800,800,800,799,800,800,800,800,800,800,10,0,0,100,0,20,23.809524536132813,0,20,20,20,0,15413.989990234375,4096,686,31694,62,87,220255.14764404297,172059.1607055664,2838.74560546875,16408723456,4294963200,3884277760,114688
200,1772065216182,800,800,800,800,800,799,800,800,800,800,800,800,9.523809432983398,15.000000953674316,0,100,0,15.000000953674316,10.526315689086914,0,14.285715103149414,0,15.000000953674316,0,15414.135314941406,4096,686,32781,62,92,220259.5899658203,172063.0571899414,2838.74560546875,16408723456,4294963200,3884564480,114688
200,1772065216382,800,800,800,800,800,799,800,800,800,800,800,800,5,20,0,100,0,20,23.809524536132813,0,21.052631378173828,0,20,0,15414.285766601563,4096,686,30387,62,87,220264.64483642578,172067.5606689453,2838.74560546875,16408723456,4294963200,3887661056,114688
200,1772065216582,800,800,800,800,800,799,800,800,800,800,800,800,5.263157844543457,15.000000953674316,0,100,0,15.000000953674316,10.526315689086914,0,14.285715103149414,0,15.000000953674316,0,15414.435180664063,4096,686,32114,62,91,220269.28955078125,172071.66925048828,2838.74560546875,16408723456,4294963200,3877838848,114688
200,1772065216782,800,800,800,800,800,799,800,800,800,800,800,800,5,20,0,100,0,20,20,0,21.052631378173828,0,20,0,15414.58203125,4096,686,32189,62,88,220274.2696533203,172076.08325195313,2838.74560546875,16408723456,4294963200,3878617088,114688
200,1772065216982,800,800,800,800,800,799,800,800,800,800,800,800,10,20,0,100,0,20,20,0,20,0,20,0,15414.733032226563,4096,686,31624,62,88,220279.23699951172,172080.52770996094,2838.74560546875,16408723456,4294963200,3885699072,114688
200,1772065217182,800,800,800,800,800,799,800,800,800,800,800,800,9.523809432983398,15.000000953674316,0,100,0,15.000000953674316,15.000000953674316,0,15.000000953674316,0,15.000000953674316,0,15414.879455566406,4096,686,32979,62,93,220283.80249023438,172084.51556396484,2838.74560546875,16408723456,4294963200,3875950592,114688
200,1772065217382,800,800,800,800,800,799,800,800,800,800,800,800,5,20,0,100,0,20,20,0,20,0,20,4.761904716491699,15415.036499023438,4096,686,30577,62,88,220289.0489501953,172089.17779541016,2838.74560546875,16408723456,4294963200,3887190016,114688
200,1772065217582,800,800,800,800,800,799,800,800,800,800,800,800,5,15.000000953674316,0,100,0,15.000000953674316,15.000000953674316,0,10,0,15.000000953674316,0,15415.182006835938,4096,686,32580,62,91,220293.60217285156,172093.16638183594,2838.74560546875,16408723456,4294963200,3887190016,114688
200,1772065217783,800,800,800,800,800,799,800,800,800,800,800,800,5.263157844543457,20,4.761904716491699,100,0,20,20,0,25,0,20,0,15415.332214355469,4096,686,32144,62,89,220298.66174316406,172097.67651367188,2838.74560546875,16408723456,4294963200,3887190016,114688
200,1772065217983,800,800,800,800,800,799,800,800,800,800,800,800,9.523809432983398,15.000000953674316,0,100,0,15.000000953674316,15.000000953674316,0,10,0,10.526315689086914,0,15415.47900390625,4096,686,31683,62,88,220303.2830810547,172101.72637939453,2838.74560546875,16408723456,4294963200,3882319872,114688
199,1772065218183,800,800,800,800,800,799,800,800,800,800,800,800,5,0,0,100,0,23.809524536132813,20,0,25,20,23.809524536132813,0,15415.628479003906,4096,686,32943,62,92,220308.28247070313,172106.1713256836,2838.74560546875,16408723456,4294963200,3877695488,114688
199,1772065218383,800,800,800,800,800,799,800,800,800,800,800,800,5.263157844543457,0,0,100,0,15.000000953674316,19.047618865966797,0,19.047618865966797,15.000000953674316,10.526315689086914,0,15415.779418945313,4096,686,31060,62,88,220313.0224609375,172110.37365722656,2838.74560546875,16408723456,4294963200,3885015040,114688
199,1772065218583,800,800,800,800,800,799,800,800,800,800,800,800,9.523809432983398,0,0,100,0,20,20,0,15.000000953674316,20,20,0,15415.922912597656,4096,686,32570,62,92,220317.89825439453,172114.68939208984,2838.74560546875,16408723456,4294963200,3885756416,114688
200,1772065218783,800,800,800,800,800,799,800,800,800,800,800,800,5.263157844543457,0,0,100,0,20,20,0,21.052631378173828,20,20,0,15416.075561523438,4096,686,31559,62,89,220323.03747558594,172119.2738647461,2838.74560546875,16408723456,4294963200,3888590848,114688
200,1772065218983,800,800,800,800,800,799,800,800,800,800,800,800,5,0,0,0,0,15.000000953674316,10.526315689086914,100,14.285715103149414,15.000000953674316,15.000000953674316,0,15416.2197265625,4096,686,32495,62,89,220327.5360107422,172123.19775390625,2838.74560546875,16408723456,4294963200,3876671488,114688
200,1772065219183,800,800,800,800,800,799,800,800,800,800,800,800,5,0,0,0,0,20,23.809524536132813,100,21.052631378173828,20,20,0,15416.371643066406,4096,686,32641,63,91,220332.59118652344,172127.70092773438,2838.74560546875,16408723456,4294963200,3868413952,114688
200,1772065219383,800,800,800,800,800,799,800,800,800,800,800,800,5,0,0,0,0,10,10.526315689086914,100,14.285715103149414,15.000000953674316,15.000000953674316,0,15416.5166015625,4096,686,31815,63,88,220337.13842773438,172131.70123291016,2838.74560546875,16408723456,4294963200,3863748608,114688
200,1772065219583,800,800,800,800,800,799,800,800,800,800,800,800,10,0,0,0,0,25,20,100,21.052631378173828,20,20,0,15416.66845703125,4096,686,32633,63,92,220342.173828125,172136.18096923828,2838.74560546875,16408723456,4294963200,3870457856,114688
200,1772065219783,800,800,800,800,800,799,800,800,800,800,800,800,9.523809432983398,0,0,0,0,10,15.000000953674316,100,14.285715103149414,19.047618865966797,15.000000953674316,0,15416.813659667969,4096,686,30646,63,88,220346.78125,172140.22326660156,2838.74560546875,16408723456,4294963200,3863429120,114688
199,1772065219984,800,800,800,800,800,799,800,800,800,800,800,800,5.263157844543457,0,0,0,0,21.052631378173828,20,100,20,20,20,0,15416.963623046875,4096,686,32851,63,91,220351.71575927734,172144.6050415039,2838.74560546875,16408723456,4294963200,3863126016,114688
199,1772065220184,800,800,800,800,800,799,800,800,800,800,800,800,9.523809432983398,0,0,0,0,19.047618865966797,15.000000953674316,100,15.789472579956055,15.000000953674316,20,0,15417.113708496094,4096,686,30488,63,90,220356.51971435547,172148.85791015625,2838.74560546875,16408723456,4294963200,3856818176,114688
200,1772065220384,800,800,800,800,800,799,800,800,800,800,800,800,5.263157844543457,0,0,0,0,15.000000953674316,20,100,15.000000953674316,20,15.000000953674316,0,15417.259460449219,4096,686,32476,63,87,220361.26147460938,172153.04522705078,2838.74560546875,16408723456,4294963200,3858083840,114688
200,1772065220584,800,800,800,800,800,799,800,800,800,800,800,800,5,0,0,0,0,21.052631378173828,20,100,20,20,20,0,15417.409606933594,4096,686,31771,63,92,220366.38049316406,172157.6121826172,2838.74560546875,16408723456,4294963200,3858083840,114688
200,1772065220784,800,800,800,800,800,799,800,800,800,800,800,800,5,0,0,0,0,14.285715103149414,10.526315689086914,100,15.000000953674316,15.000000953674316,15.000000953674316,0,15417.554382324219,4096,686,32089,63,89,220370.9150390625,172161.59967041016,2838.74560546875,16408723456,4294963200,3858083840,114688
200,1772065220984,800,800,800,800,800,799,800,800,800,800,800,800,9.523809432983398,0,0,0,0,21.052631378173828,23.809524536132813,100,20,20,20,0,15417.708190917969,4096,686,32413,63,91,220376.0874633789,172166.21551513672,2838.74560546875,16408723456,4294963200,3850199040,114688
200,1772065221184,800,800,800,800,800,799,800,800,800,800,800,800,5.263157844543457,0,0,0,0,14.285715103149414,10.526315689086914,100,15.000000953674316,15.000000953674316,15.000000953674316,0,15417.854858398438,4096,686,31546,63,88,220380.60626220703,172170.1864013672,2838.74560546875,16408723456,4294963200,3844886528,114688
200,1772065221384,800,800,800,800,800,799,800,800,800,800,800,800,5,0,0,0,0,21.052631378173828,23.809524536132813,100,20,20,20,0,15418.005920410156,4096,686,32898,63,87,220385.6880493164,172174.71319580078,2838.74560546875,16408723456,4294963200,3852111872,114688
200,1772065221584,800,800,800,800,800,799,800,800,800,800,800,800,5.263157844543457,0,0,0,0,14.285715103149414,10.526315689086914,100,15.000000953674316,15.000000953674316,15.000000953674316,0,15418.152160644531,4096,686,30242,63,92,220390.2742919922,172178.75134277344,2838.74560546875,16408723456,4294963200,3854692352,114688
200,1772065221784,800,800,800,800,800,799,800,800,800,800,800,800,9.523809432983398,0,0,0,0,20,23.809524536132813,100,20,20,20,0,15418.302673339844,4096,686,32218,63,88,220395.26751708984,172183.1895751953,2838.74560546875,16408723456,4294963200,3854688256,114688
200,1772065221984,800,800,800,800,800,799,800,800,800,800,800,800,5,0,0,0,0,15.789472579956055,15.000000953674316,100,15.789472579956055,15.000000953674316,15.000000953674316,0,15418.451416015625,4096,686,31890,63,93,220399.94049072266,172187.33953857422,2838.74560546875,16408723456,4294963200,3852943360,114688
200,1772065222184,800,800,800,800,800,799,800,800,800,800,800,800,10,0,0,0,5,19.047618865966797,15.789472579956055,100,19.047618865966797,20,15.000000953674316,0,15418.597106933594,4096,686,31898,63,88,220404.77514648438,172191.59545898438,2838.74560546875,16408723456,4294963200,3842592768,114688
200,1772065222384,800,800,800,800,800,799,800,800,800,800,800,800,5,0,0,40,0,20,20,60.000003814697266,20,20,20,0,15418.749267578125,4096,686,32815,63,91,220409.88079833984,172196.12982177734,2838.74560546875,16408723456,4294963200,3848237056,114688
200,1772065222585,800,800,800,800,800,799,800,800,800,800,800,800,5,0,0,100,0,15.000000953674316,15.000000953674316,0,15.000000953674316,10.526315689086914,15.000000953674316,0,15418.893005371094,4096,686,30460,63,90,220414.4786376953,172200.15161132813,2838.74560546875,16408723456,4294963200,3848486912,114688
200,1772065222785,800,800,800,800,800,799,800,800,800,800,800,800,5.263157844543457,0,0,100,0,20,20,0,20,23.809524536132813,20,0,15419.043212890625,4096,686,33048,63,89,220419.6185913086,172204.7381591797,2838.74560546875,16408723456,4294963200,3849003008,114688
200,1772065222985,800,800,800,800,800,799,800,800,800,800,800,800,9.523809432983398,0,0,100,0,10.526315689086914,15.000000953674316,0,15.000000953674316,10,15.000000953674316,0,15419.189575195313,4096,686,31557,63,92,220424.1796875,172208.7489013672,2838.74560546875,16408723456,4294963200,3850035200,114688
200,1772065223185,800,800,800,800,800,799,800,800,800,800,800,800,5.263157844543457,0,0,100,0,23.809524536132813,23.809524536132813,0,23.809524536132813,21.052631378173828,23.809524536132813,0,15419.340270996094,4096,686,32085,63,87,220429.25622558594,172213.27124023438,2838.74560546875,16408723456,4294963200,3845074944,114688
200,1772065223385,800,800,800,800,800,799,800,800,800,800,800,800,9.523809432983398,0,0,100,0,10.526315689086914,14.285715103149414,0,15.000000953674316,14.285715103149414,15.000000953674316,0,15419.485168457031,4096,686,32578,63,91,220433.8256225586,172217.2911376953,2838.74560546875,16408723456,4294963200,3836440576,114688
200,1772065223585,800,800,800,800,800,799,800,800,800,800,800,800,5,0,0,100,0,20,21.052631378173828,0,20,21.052631378173828,20,0,15419.634948730469,4096,686,31630,63,89,220438.80200195313,172221.71459960938,2838.74560546875,16408723456,4294963200,3841343488,114688
199,1772065223785,800,800,800,800,800,799,800,800,800,800,800,800,5,0,0,100,0,15.000000953674316,15.000000953674316,0,15.000000953674316,14.285715103149414,15.000000953674316,0,15419.783752441406,4096,686,32226,63,89,220443.44537353516,172225.8302001953,2838.74560546875,16408723456,4294963200,3837816832,114688
200,1772065223985,800,800,800,800,800,799,800,800,800,800,800,800,5.263157844543457,0,0,100,0,20,20,0,20,20,20,0,15419.928466796875,4096,686,31208,63,93,220448.3565673828,172230.1675415039,2838.74560546875,16408723456,4294963200,3835052032,114688
200,1772065224185,800,800,800,800,800,799,800,800,800,800,800,800,5,0,0,100,0,20,20,0,20,21.052631378173828,20,0,15420.077087402344,4096,686,32709,63,90,220453.4129638672,172234.6678466797,2838.74560546875,16408723456,4294963200,3836149760,114688
200,1772065224385,800,800,800,800,800,799,800,800,800,800,800,800,13.636363983154297,0,0,100,0,15.000000953674316,14.285715103149414,0,10.526315689086914,14.285715103149414,10.526315689086914,0,15420.221923828125,4096,686,33055,63,92,220457.94024658203,172238.6483154297,2838.74560546875,16408723456,4294963200,3836149760,114688
200,1772065224585,800,800,800,800,800,799,800,800,800,800,800,800,5.263157844543457,0,0,100,0,23.809524536132813,21.052631378173828,0,20,20,23.809524536132813,0,15420.374206542969,4096,686,31545,63,89,220463.1248779297,172243.2730102539,2838.74560546875,16408723456,4294963200,3836948480,114688
200,1772065224786,800,800,800,800,800,799,800,800,800,800,800,800,10,0,0,100,0,15.000000953674316,14.285715103149414,0,15.000000953674316,15.000000953674316,10.526315689086914,0,15420.521606445313,4096,686,32742,63,88,220467.71124267578,172247.2925415039,2838.74560546875,16408723456,4294963200,3836948480,114688
200,1772065224986,800,800,800,800,800,799,800,800,800,800,800,800,5,5,0,100,5,20,20,0,20,15.000000953674316,14.285715103149414,0,15420.672302246094,4096,686,30578,63,92,220472.728515625,172251.7562866211,2838.74560546875,16408723456,4294963200,3835756544,114688
200,1772065225186,800,800,800,800,800,799,800,800,800,800,800,800,5,14.285715103149414,0,100,15.000000953674316,15.000000953674316,10.526315689086914,0,15.000000953674316,0,0,0,15420.817016601563,4096,686,32780,63,88,220477.24237060547,172255.7196044922,2838.74560546875,16408723456,4294963200,3827499008,114688
200,1772065225386,800,800,800,800,800,799,800,800,800,800,800,800,5,21.052631378173828,0,100,0,20,23.809524536132813,0,20,0,23.809524536132813,0,15420.96826171875,4096,686,31825,63,92,220482.2544555664,172260.1776123047,2838.74560546875,16408723456,4294963200,3828789248,114688
200,1772065225586,800,800,800,800,800,799,800,800,800,800,800,800,5.263157844543457,15.000000953674316,0,100,0,15.000000953674316,15.000000953674316,0,15.000000953674316,0,15.000000953674316,0,15421.115600585938,4096,686,32228,64,88,220486.9168701172,172264.31072998047,2838.74560546875,16408723456,4294963200,3826126848,114688
200,1772065225786,800,800,800,800,800,799,800,800,800,800,800,800,9.523809432983398,20,0,100,0,20,20,0,20,0,20,0,15421.263244628906,4096,686,32955,64,90,220491.81732177734,172268.6385498047,2838.74560546875,16408723456,4294963200,3829391360,114688
200,1772065225986,800,800,800,800,800,799,800,800,800,800,800,800,5.263157844543457,19.047618865966797,0,100,0,20,15.789472579956055,0,20,0,15.000000953674316,0,15421.413818359375,4096,686,31409,64,89,220496.72540283203,172273.01177978516,2838.74560546875,16408723456,4294963200,3830792192,114688
200,1772065226186,800,800,800,800,800,799,800,800,800,800,800,800,5,15.789472579956055,0,100,0,15.000000953674316,19.047618865966797,0,15.000000953674316,0,20,0,15421.560241699219,4096,686,32466,64,87,220501.4190673828,172277.13189697266,2838.74560546875,16408723456,4294963200,3832856576,114688
200,1772065226386,800,800,800,800,800,799,800,800,800,800,800,800,10,20,0,100,0,20,20,0,20,0,20,0,15421.708374023438,4096,686,31122,64,92,220506.59210205078,172281.7537841797,2838.74560546875,16408723456,4294963200,3825897472,114688
200,1772065226586,800,800,800,800,800,799,800,800,800,800,800,800,5,14.285715103149414,0,100,0,15.000000953674316,10.526315689086914,0,15.000000953674316,0,10,0,15421.853576660156,4096,686,32812,63,88,220511.13159179688,172285.74151611328,2838.74560546875,16408723456,4294963200,3833122816,114688
200,1772065226786,800,800,800,800,800,799,800,800,800,800,800,800,9.523809432983398,21.052631378173828,0,100,0,20,20,0,20,0,21.052631378173828,0,15422.00390625,4096,686,32048,63,92,220516.29498291016,172290.35089111328,2838.74560546875,16408723456,4294963200,3831836672,114688
200,1772065226986,800,800,800,800,800,799,800,800,800,800,800,800,5,14.285715103149414,0,100,0,15.000000953674316,15.000000953674316,0,15.000000953674316,0,14.285715103149414,0,15422.150756835938,4096,686,31737,63,88,220520.88159179688,172294.36798095703,2838.74560546875,16408723456,4294963200,3831783424,114688
200,1772065227187,800,800,800,800,800,799,800,800,800,800,800,800,5.263157844543457,21.052631378173828,0,100,0,20,20,0,20,0,21.052631378173828,0,15422.303100585938,4096,686,33080,64,90,220525.96453857422,172298.89709472656,2838.74560546875,16408723456,4294963200,3817738240,114688
200,1772065227387,800,800,800,800,800,799,800,800,800,800,800,800,5,14.285715103149414,0,100,0,10.526315689086914,15.000000953674316,0,15.000000953674316,0,14.285715103149414,0,15422.448913574219,4096,686,30544,64,90,220530.5555419922,172302.93725585938,2838.74560546875,16408723456,4294963200,3835539456,114688
200,1772065227587,800,800,800,800,800,799,800,800,800,800,800,800,9.523809432983398,20,0,100,0,23.809524536132813,20,0,23.809524536132813,0,20,0,15422.598693847656,4096,686,32528,64,88,220535.57330322266,172307.40301513672,2838.74560546875,16408723456,4294963200,3834036224,114688
200,1772065227787,800,800,800,800,800,799,800,800,800,800,800,800,10,15.789472579956055,0,100,0,10,19.047618865966797,0,14.285715103149414,0,15.000000953674316,0,15422.747741699219,4096,686,31144,64,92,220540.22229003906,172311.4793701172,2838.74560546875,16408723456,4294963200,3832807424,114688
200,1772065227987,800,800,800,800,800,799,800,800,800,800,800,800,5,15.000000953674316,0,100,5,21.052631378173828,20,0,21.052631378173828,5,15.000000953674316,0,15422.895751953125,4096,686,32869,64,88,220545.23895263672,172315.93560791016,2838.74560546875,16408723456,4294963200,3840937984,114688
200,1772065228187,800,800,800,800,800,799,800,800,800,800,800,800,5,0,0,100,15.789472579956055,19.047618865966797,15.000000953674316,0,15.000000953674316,20,0,0,15423.045837402344,4096,686,32007,64,92,220549.9774169922,172320.14099121094,2838.74560546875,16408723456,4294963200,3840245760,114688
200,1772065228387,800,800,800,800,800,799,800,800,800,800,800,800,5.263157844543457,0,0,100,19.047618865966797,15.000000953674316,20,0,20,15.000000953674316,0,0,15423.19140625,4096,686,32405,64,89,220554.72772216797,172324.32250976563,2838.74560546875,16408723456,4294963200,3842310144,114688
200,1772065228587,800,800,800,800,800,799,800,800,800,800,800,800,5,0,0,100,20,25,20,0,20,20,0,0,15423.341857910156,4096,686,31156,64,90,220559.82147216797,172328.8826904297,2838.74560546875,16408723456,4294963200,3839733760,114688
200,1772065228787,800,800,800,800,800,799,800,800,800,800,800,800,5,0,0,100,15.000000953674316,10,15.000000953674316,0,14.285715103149414,15.000000953674316,0,0,15423.485900878906,4096,686,32700,64,90,220564.3936767578,172332.8826904297,2838.74560546875,16408723456,4294963200,3836882944,114688
200,1772065228987,800,800,800,800,800,799,800,800,800,800,800,800,9.523809432983398,0,0,100,20,21.052631378173828,20,0,21.052631378173828,20,0,0,15423.635070800781,4096,686,32358,64,88,220569.4808959961,172337.41333007813,2838.74560546875,16408723456,4294963200,3843235840,114688
200,1772065229187,800,800,800,800,800,799,800,800,800,800,800,800,10,0,0,100,15.000000953674316,14.285715103149414,15.000000953674316,0,10,15.000000953674316,0,0,15423.778564453125,4096,686,31792,64,92,220573.96459960938,172341.35247802734,2838.74560546875,16408723456,4294963200,3830157312,114688
200,1772065229388,800,800,800,800,800,799,800,800,800,800,800,800,5,0,0,100,20,20,20,0,23.809524536132813,20,0,0,15423.929443359375,4096,686,32767,64,89,220579.12573242188,172345.9360961914,2838.74560546875,16408723456,4294963200,3838414848,114688
200,1772065229588,800,800,800,800,800,799,800,800,800,800,800,800,5.263157844543457,0,0,100,10.526315689086914,15.000000953674316,10.526315689086914,0,10.526315689086914,15.000000953674316,0,0,15424.075988769531,4096,686,30048,64,92,220583.7485961914,172350.00860595703,2838.74560546875,16408723456,4294963200,3835580416,114688
200,1772065229788,800,800,800,800,800,799,800,800,800,800,800,800,5,0,0,100,20,23.809524536132813,23.809524536132813,0,20,20,0,0,15424.228759765625,4096,686,32492,64,88,220588.78063964844,172354.48516845703,2838.74560546875,16408723456,4294963200,3837644800,114688
200,1772065229988,800,800,800,800,800,799,800,800,800,800,800,800,9.523809432983398,0,0,100,15.000000953674316,15.000000953674316,10.526315689086914,0,15.000000953674316,15.000000953674316,0,0,15424.373352050781,4096,686,31171,64,90,220593.39129638672,172358.54541015625,2838.74560546875,16408723456,4294963200,3837562880,114688
200,1772065230188,800,800,800,800,800,799,800,800,800,800,800,800,5.263157844543457,0,0,100,20,20,20,0,20,20,0,0,15424.52294921875,4096,686,32527,64,90,220598.3924560547,172362.9940185547,2838.74560546875,16408723456,4294963200,3826008064,114688
200,1772065230388,800,800,800,800,800,799,800,800,800,800,800,800,5,0,0,100,15.000000953674316,15.000000953674316,15.000000953674316,0,15.789472579956055,15.000000953674316,0,0,15424.669921875,4096,686,32197,64,89,220603.20013427734,172367.26641845703,2838.74560546875,16408723456,4294963200,3818364928,114688
200,1772065230588,800,800,800,800,800,799,800,800,800,800,800,800,9.523809432983398,0,0,100,23.809524536132813,15.789472579956055,20,0,19.047618865966797,15.789472579956055,0,0,15424.815734863281,4096,686,31623,64,91,220608.02911376953,172371.52502441406,2838.74560546875,16408723456,4294963200,3827445760,114688
200,1772065230788,800,800,800,800,800,799,800,800,800,800,800,800,5.263157844543457,0,0,100,20,20,19.047618865966797,0,20,20,0,0,15424.966796875,4096,686,33028,64,88,220613.07830810547,172376.0447998047,2838.74560546875,16408723456,4294963200,3826913280,114688
200,1772065230988,800,800,800,800,800,799,800,800,800,800,800,800,9.523809432983398,0,0,100,15.000000953674316,15.000000953674316,15.000000953674316,0,15.000000953674316,15.000000953674316,0,0,15425.111633300781,4096,686,30329,64,92,220617.71124267578,172380.09899902344,2838.74560546875,16408723456,4294963200,3829153792,114688
200,1772065231188,800,800,800,800,800,799,800,800,800,800,800,800,5.263157844543457,0,0,100,20,0,21.052631378173828,0,20,23.809524536132813,0,25,15425.264038085938,4096,686,32586,64,88,220622.89825439453,172384.72888183594,2838.74560546875,16408723456,4294963200,3836395520,114688
200,1772065231388,800,800,800,800,800,799,800,800,800,800,800,800,5,0,0,100,10.526315689086914,0,10,0,10.526315689086914,15.000000953674316,0,10,15425.408752441406,4096,686,31266,64,88,220627.453125,172388.73931884766,2838.74560546875,16408723456,4294963200,3833303040,114688
200,1772065231589,800,800,800,800,800,799,800,800,800,800,800,800,9.523809432983398,0,0,100,20,0,20,0,23.809524536132813,20,0,20,15425.559997558594,4096,686,32668,64,90,220632.62884521484,172393.3374633789,2838.74560546875,16408723456,4294963200,3833106432,114688
200,1772065231789,800,800,800,800,800,799,800,800,800,800,800,800,5,0,0,100,15.000000953674316,0,15.000000953674316,0,15.000000953674316,15.000000953674316,0,15.000000953674316,15425.705322265625,4096,686,31838,64,89,220637.20275878906,172397.36303710938,2838.74560546875,16408723456,4294963200,3833106432,114688
200,1772065231989,800,800,800,800,800,799,800,800,800,800,800,800,10,0,0,100,20,0,20,0,20,20,0,20,15425.8564453125,4096,686,32005,64,88,220642.35595703125,172401.95849609375,2838.74560546875,16408723456,4294963200,3832561664,114688
200,1772065232189,800,800,800,800,800,799,800,800,800,800,800,800,5.263157844543457,0,0,100,14.285715103149414,0,15.000000953674316,0,15.000000953674316,15.000000953674316,0,15.000000953674316,15426.000427246094,4096,686,32977,64,93,220646.8878173828,172405.93798828125,2838.74560546875,16408723456,4294963200,3832561664,114688
200,1772065232389,800,800,800,800,800,799,800,800,800,800,800,800,9.523809432983398,0,0,100,21.052631378173828,0,20,0,20,20,0,20,15426.150756835938,4096,686,30004,64,89,220651.90435791016,172410.40014648438,2838.74560546875,16408723456,4294963200,3832561664,114688
199,1772065232589,800,800,800,800,800,799,800,800,800,800,800,800,5,0,0,100,14.285715103149414,0,15.000000953674316,0,15.000000953674316,15.000000953674316,0,15.000000953674316,15426.29541015625,4096,686,32735,64,92,220656.51947021484,172414.48486328125,2838.74560546875,16408723456,4294963200,3832561664,114688
200,1772065232789,800,800,800,800,800,799,800,800,800,800,800,800,5.263157844543457,0,5,100,20,0,20,0,20,20,0,20,15426.441040039063,4096,686,31766,64,90,220661.53741455078,172418.90991210938,2838.74560546875,16408723456,4294963200,3822612480,114688
200,1772065232989,800,800,800,800,800,799,800,800,800,800,800,800,9.523809432983398,0,0,100,20,5,23.809524536132813,0,19.047618865966797,15.000000953674316,0,15.000000953674316,15426.59033203125,4096,686,32004,64,89,220666.53076171875,172423.33966064453,2838.74560546875,16408723456,4294963200,3828920320,114688
200,1772065233189,800,800,800,800,800,799,800,800,800,800,800,800,5.263157844543457,0,0,100,15.000000953674316,15.000000953674316,15.000000953674316,0,15.789472579956055,15.000000953674316,0,0,15426.734191894531,4096,686,33252,64,91,220671.24676513672,172427.4829711914,2838.74560546875,16408723456,4294963200,3821678592,114688
200,1772065233389,800,800,800,800,800,799,800,800,800,800,800,800,5,0,0,100,20,20,20,0,20,25,0,0,15426.886291503906,4096,686,31658,64,89,220676.41583251953,172432.09735107422,2838.74560546875,16408723456,4294963200,3834929152,114688
200,1772065233589,800,800,800,800,800,799,800,800,800,800,800,800,9.523809432983398,4.761904716491699,0,100,15.000000953674316,15.000000953674316,15.000000953674316,0,15.000000953674316,10,0,0,15427.031555175781,4096,686,32456,64,91,220680.96752929688,172436.09912109375,2838.74560546875,16408723456,4294963200,3832635392,114688
200,1772065233789,800,800,800,800,800,799,800,800,800,800,800,800,5,0,0,100,20,20,20,0,20,25,0,0,15427.184692382813,4096,686,30312,64,87,220686.14392089844,172440.71490478516,2838.74560546875,16408723456,4294963200,3838828544,114688
200,1772065233990,800,800,800,800,800,799,800,800,800,800,800,800,10,0,0,100,35,15.000000953674316,15.000000953674316,0,15.000000953674316,10,15.000000953674316,0,15427.343200683594,4096,686,31973,64,91,220692.2169189453,172446.21405029297,2838.74560546875,16408723456,4294963200,3845939200,114688
200,1772065234190,800,800,800,800,800,799,800,800,800,800,800,800,5.263157844543457,0,0,100,36.842105865478516,20,20,23.809524536132813,20,21.052631378173828,0,0,15427.513549804688,4096,686,30231,64,85,220697.98596191406,172451.4228515625,2838.74560546875,16408723456,4294963200,3849949184,114688
200,1772065234390,800,800,800,800,800,799,800,800,800,800,800,800,5,0,0,100,0,15.000000953674316,15.000000953674316,10.526315689086914,15.000000953674316,14.285715103149414,0,0,15427.654724121094,4096,686,32966,64,92,220702.43817138672,172455.32330322266,2838.74560546875,16408723456,4294963200,3849949184,114688
200,1772065234590,800,800,800,800,800,799,800,800,800,800,800,800,5.263157844543457,0,0,100,20,20,20,0,20,21.052631378173828,0,0,15427.806335449219,4096,686,31419,65,89,220707.5971069336,172459.92572021484,2838.74560546875,16408723456,4294963200,3851755520,114688
200,1772065234790,800,800,800,800,800,799,800,800,800,800,800,800,9.523809432983398,0,0,100,15.000000953674316,15.000000953674316,15.000000953674316,0,10.526315689086914,14.285715103149414,0,0,15427.951721191406,4096,686,32188,65,90,220712.2371826172,172463.99224853516,2838.74560546875,16408723456,4294963200,3850510336,114688
200,1772065234990,800,800,800,800,800,799,800,800,800,800,800,800,5,0,0,100,23.809524536132813,20,15.789472579956055,0,23.809524536132813,20,0,0,15428.100891113281,4096,686,31642,65,90,220717.40063476563,172468.6007080078,2838.74560546875,16408723456,4294963200,3843178496,114688
200,1772065235190,800,800,800,800,800,799,800,800,800,800,800,800,9.523809432983398,0,0,100,15.000000953674316,15.000000953674316,15.000000953674316,0,15.000000953674316,15.000000953674316,0,0,15428.244506835938,4096,686,32241,65,87,220721.88110351563,172472.53228759766,2838.74560546875,16408723456,4294963200,3844964352,114688
200,1772065235390,800,800,800,800,800,799,800,800,800,800,800,800,5.263157844543457,0,0,100,20,20,20,0,20,20,0,0,15428.394775390625,4096,686,32892,65,93,220726.99627685547,172477.08990478516,2838.74560546875,16408723456,4294963200,3844964352,114688
200,1772065235590,800,800,800,800,800,799,800,800,800,800,800,800,5,0,0,100,15.000000953674316,15.000000953674316,15.000000953674316,0,14.285715103149414,15.000000953674316,0,0,15428.54150390625,4096,686,30833,65,88,220731.58471679688,172481.12725830078,2838.74560546875,16408723456,4294963200,3847028736,114688
200,1772065235790,800,800,800,800,800,799,800,800,800,800,800,800,10,0,0,100,20,20,20,0,21.052631378173828,20,0,0,15428.691467285156,4096,686,32501,65,91,220736.68756103516,172485.67559814453,2838.74560546875,16408723456,4294963200,3842654208,114688
200,1772065235990,800,800,800,800,800,799,800,800,800,800,800,800,9.523809432983398,0,0,100,15.000000953674316,10.526315689086914,15.000000953674316,0,14.285715103149414,15.000000953674316,0,0,15428.837524414063,4096,686,30351,65,89,220741.25439453125,172489.68981933594,2838.74560546875,16408723456,4294963200,3844194304,114688
200,1772065236191,800,800,800,800,800,799,800,800,800,800,800,800,5,0,0,100,20,23.809524536132813,20,0,21.052631378173828,20,0,0,15428.989501953125,4096,686,32721,65,91,220746.296875,172494.15655517578,2838.74560546875,16408723456,4294963200,3837505536,114688
200,1772065236391,800,800,800,800,800,799,800,800,800,800,800,800,5.263157844543457,0,0,100,15.000000953674316,10.526315689086914,15.000000953674316,0,14.285715103149414,15.000000953674316,0,0,15429.136657714844,4096,686,31795,65,88,220750.9285888672,172498.2431640625,2838.74560546875,16408723456,4294963200,3831840768,114688
200,1772065236591,800,800,800,800,800,799,800,800,800,800,800,800,5,0,0,100,20,20,23.809524536132813,0,20,20,0,0,15429.283813476563,4096,686,32234,65,90,220755.88580322266,172502.64178466797,2838.74560546875,16408723456,4294963200,3837001728,114688
200,1772065236791,800,800,800,800,800,799,800,800,800,800,800,800,10,0,0,100,15.000000953674316,15.000000953674316,15.000000953674316,15.000000953674316,10.526315689086914,15.000000953674316,0,0,15429.43310546875,4096,686,30125,65,91,220760.8935546875,172507.1055908203,2838.74560546875,16408723456,4294963200,3830853632,114688
200,1772065236991,800,800,800,800,800,799,800,800,800,800,800,800,5,0,0,100,20,20,20,0,20,20,0,0,15429.579406738281,4096,686,32718,65,87,220765.8433227539,172511.4853515625,2838.74560546875,16408723456,4294963200,3831148544,114688
200,1772065237191,800,800,800,800,800,799,800,800,800,800,800,800,5.263157844543457,15.789472579956055,0,100,15.000000953674316,23.809524536132813,15.000000953674316,0,20,0,0,0,15429.727600097656,4096,686,31407,65,92,220770.85369873047,172515.95806884766,2838.74560546875,16408723456,4294963200,3829194752,114688
200,1772065237391,800,800,800,800,800,799,800,800,800,800,800,800,9.523809432983398,15.000000953674316,0,100,15.789472579956055,15.000000953674316,15.789472579956055,0,15.000000953674316,0,0,0,15429.871704101563,4096,686,31879,65,88,220775.53912353516,172520.07586669922,2838.74560546875,16408723456,4294963200,3826417664,114688
200,1772065237591,800,800,800,800,800,799,800,800,800,800,800,800,10,23.809524536132813,0,100,19.047618865966797,20,19.047618865966797,0,20,0,0,0,15430.021484375,4096,686,31795,65,91,220780.58184814453,172524.5821533203,2838.74560546875,16408723456,4294963200,3828850688,114688
200,1772065237791,800,800,800,800,800,799,800,800,800,800,800,800,5,15.000000953674316,0,100,15.000000953674316,15.000000953674316,15.000000953674316,0,15.000000953674316,0,0,0,15430.1669921875,4096,686,31959,65,87,220785.2474975586,172528.6746826172,2838.74560546875,16408723456,4294963200,3823763456,114688
200,1772065237991,800,800,800,800,800,799,800,800,800,800,800,800,5,21.052631378173828,0,100,21.052631378173828,20,21.052631378173828,0,23.809524536132813,0,0,0,15430.317687988281,4096,686,32950,65,91,220790.41149902344,172533.28393554688,2838.74560546875,16408723456,4294963200,3821232128,114688
200,1772065238191,800,800,800,800,800,799,800,800,800,800,800,800,5.263157844543457,15.000000953674316,0,100,14.285715103149414,0,14.285715103149414,0,15.000000953674316,0,0,15.000000953674316,15430.462463378906,4096,686,31144,65,90,220794.98516845703,172537.2821044922,2838.74560546875,16408723456,4294963200,3823136768,114688
200,1772065238392,800,800,800,800,800,799,800,800,800,800,800,800,5,20,0,100,21.052631378173828,0,21.052631378173828,0,20,0,0,20,15430.611450195313,4096,686,32405,65,88,220800.10235595703,172541.83990478516,2838.74560546875,16408723456,4294963200,3825303552,114688
200,1772065238592,800,800,800,800,800,799,800,800,800,800,800,800,9.523809432983398,10.526315689086914,0,100,14.285715103149414,0,14.285715103149414,0,10.526315689086914,0,0,15.000000953674316,15430.758666992188,4096,686,30571,65,92,220804.6240234375,172545.79132080078,2838.74560546875,16408723456,4294963200,3829428224,114688
200,1772065238792,800,800,800,800,800,799,800,800,800,800,800,800,10,23.809524536132813,0,100,20,0,20,0,23.809524536132813,0,0,20,15430.906982421875,4096,686,32745,65,88,220809.72235107422,172550.33819580078,2838.74560546875,16408723456,4294963200,3818995712,114688
200,1772065238992,800,800,800,800,800,799,800,800,800,800,800,800,5,10,0,100,15.000000953674316,0,15.000000953674316,0,10.526315689086914,0,0,15.000000953674316,15431.052307128906,4096,686,31210,65,92,220814.23071289063,172554.29315185547,2838.74560546875,16408723456,4294963200,3819974656,114688
200,1772065239192,800,800,800,800,800,799,800,800,800,800,800,800,5.263157844543457,21.052631378173828,0,100,20,0,20,0,20,0,0,20,15431.203918457031,4096,686,31883,65,88,220819.26300048828,172558.76879882813,2838.74560546875,16408723456,4294963200,3813584896,114688
199,1772065239392,800,800,800,800,800,799,800,800,800,800,800,800,5,14.285715103149414,0,100,10.526315689086914,0,15.000000953674316,0,15.000000953674316,0,0,10.526315689086914,15431.349365234375,4096,686,32807,65,92,220823.85162353516,172562.806640625,2838.74560546875,16408723456,4294963200,3818000384,114688
200,1772065239592,800,800,800,800,800,799,800,800,800,800,800,800,5,21.052631378173828,0,100,20,0,20,0,20,0,0,20,15431.497436523438,4096,686,31840,65,88,220828.9183959961,172567.32037353516,2838.74560546875,16408723456,4294963200,3821125632,114688
200,1772065239792,800,800,800,800,800,799,800,800,800,800,800,800,9.523809432983398,14.285715103149414,0,100,15.000000953674316,0,10.526315689086914,0,15.000000953674316,0,0,15.000000953674316,15431.644348144531,4096,686,32447,65,90,220833.53680419922,172571.3846435547,2838.74560546875,16408723456,4294963200,3824222208,114688
200,1772065239992,800,800,800,800,800,799,800,800,800,800,800,800,5.263157844543457,20,0,100,20,0,23.809524536132813,0,20,0,0,20,15431.791748046875,4096,686,30634,65,89,220838.52075195313,172575.8145751953,2838.74560546875,16408723456,4294963200,3817390080,114688
200,1772065240192,800,800,800,800,800,799,800,800,800,800,800,800,9.523809432983398,15.789472579956055,0,100,0,0,15.000000953674316,0,15.000000953674316,0,15.000000953674316,19.047618865966797,15431.93798828125,4096,686,33069,65,90,220843.18701171875,172579.95672607422,2838.74560546875,16408723456,4294963200,3816177664,114688
200,1772065240392,800,800,800,800,800,799,800,800,800,800,800,800,5.263157844543457,19.047618865966797,0,100,0,0,20,0,20,0,20,15.789472579956055,15432.085205078125,4096,686,31488,65,92,220847.9608154297,172584.1489868164,2838.74560546875,16408723456,4294963200,3818500096,114688
200,1772065240592,800,800,800,800,800,799,800,800,800,800,800,800,5,20,0,100,0,0,20,0,20,0,20,19.047618865966797,15432.234558105469,4096,686,32051,65,89,220853.01177978516,172588.6756591797,2838.74560546875,16408723456,4294963200,3818786816,114688
200,1772065240793,800,800,800,800,800,799,800,800,800,800,800,800,9.523809432983398,15.000000953674316,0,100,0,0,15.000000953674316,0,15.000000953674316,0,15.000000953674316,15.000000953674316,15432.380004882813,4096,686,32935,65,92,220857.6376953125,172592.69702148438,2838.74560546875,16408723456,4294963200,3818786816,114688
200,1772065240993,800,800,800,800,800,799,800,800,800,800,800,800,5.263157844543457,20,0,100,10,0,20,0,20,0,14.285715103149414,21.052631378173828,15432.532653808594,4096,686,31894,65,89,220862.7626953125,172597.26611328125,2838.74560546875,16408723456,4294963200,3822903296,114688
200,1772065241193,800,800,800,800,800,799,800,800,800,800,800,800,5,15.000000953674316,0,100,14.285715103149414,0,15.000000953674316,0,15.000000953674316,0,0,18.18181800842285,15432.678039550781,4096,686,32475,65,90,220867.2466430664,172601.19989013672,2838.74560546875,16408723456,4294963200,3814039552,114688
200,1772065241393,800,800,800,800,800,799,800,800,800,800,800,800,9.523809432983398,20,0,100,20,0,15.789472579956055,0,20,0,0,20,15432.828002929688,4096,686,30711,65,89,220872.38641357422,172605.78295898438,2838.74560546875,16408723456,4294963200,3813535744,114688
200,1772065241593,800,800,800,800,800,799,800,800,800,800,800,800,5.263157844543457,15.000000953674316,0,100,15.000000953674316,0,15.000000953674316,0,15.000000953674316,0,0,15.000000953674316,15432.972473144531,4096,686,32832,65,89,220876.93408203125,172609.7803955078,2838.74560546875,16408723456,4294963200,3813531648,114688
200,1772065241793,800,800,800,800,800,799,800,800,800,800,800,800,5,20,0,100,20,0,20,0,20,0,0,20,15433.124816894531,4096,686,31058,65,92,220882.04132080078,172614.32843017578,2838.74560546875,16408723456,4294963200,3818434560,114688
200,1772065241993,800,800,800,800,800,799,800,800,800,800,800,800,5,15.000000953674316,0,100,15.000000953674316,0,15.000000953674316,0,14.285715103149414,0,0,15.000000953674316,15433.270812988281,4096,686,32545,65,87,220886.6102294922,172618.34594726563,2838.74560546875,16408723456,4294963200,3815477248,114688
200,1772065242193,800,800,800,800,800,799,800,800,800,800,800,800,5.263157844543457,20,0,100,20,0,20,0,21.052631378173828,0,0,20,15433.419372558594,4096,686,31801,65,93,220891.6567993164,172622.83514404297,2838.74560546875,16408723456,4294963200,3814514688,114688
200,1772065242393,800,800,800,800,800,799,800,800,800,800,800,800,13.636363983154297,10.526315689086914,0,100,15.000000953674316,0,15.000000953674316,0,14.285715103149414,0,0,15.000000953674316,15433.564147949219,4096,686,32287,65,89,220896.25451660156,172626.880859375,2838.74560546875,16408723456,4294963200,3817717760,114688
200,1772065242593,800,800,800,800,800,799,800,800,800,800,800,800,5.263157844543457,23.809524536132813,0,100,20,0,20,0,21.052631378173828,0,0,20,15433.716674804688,4096,686,32632,65,91,220901.30145263672,172631.37030029297,2838.74560546875,16408723456,4294963200,3817717760,114688
200,1772065242794,800,800,800,800,800,799,800,800,800,800,800,800,5,15.000000953674316,0,100,15.000000953674316,0,19.047618865966797,0,14.285715103149414,0,0,15.000000953674316,15433.864807128906,4096,686,31448,65,87,220905.9838256836,172635.47998046875,2838.74560546875,16408723456,4294963200,3817496576,114688
200,1772065242994,800,800,800,800,800,799,800,800,800,800,800,800,5,20,0,100,20,0,20,0,21.052631378173828,0,0,20,15434.016418457031,4096,686,32002,65,90,220911.01428222656,172639.95623779297,2838.74560546875,16408723456,4294963200,3820716032,114688
200,1772065243194,800,800,800,800,800,799,800,800,800,800,800,800,5.263157844543457,15.000000953674316,0,100,0,0,14.285715103149414,0,14.285715103149414,0,10.526315689086914,10.526315689086914,15434.162780761719,4096,686,30401,65,89,220915.49969482422,172643.89794921875,2838.74560546875,16408723456,4294963200,3804987392,114688
200,1772065243394,800,800,800,800,800,799,800,800,800,800,800,800,9.523809432983398,20,0,100,0,0,21.052631378173828,0,20,0,20,20,15434.308288574219,4096,686,32968,65,89,220920.53942871094,172648.35021972656,2838.74560546875,16408723456,4294963200,3815567360,114688
200,1772065243594,800,800,800,800,800,799,800,800,800,800,800,800,10,20,0,100,0,0,15.000000953674316,0,15.789472579956055,0,20,20,15434.458190917969,4096,686,31453,65,92,220925.40356445313,172652.66540527344,2838.74560546875,16408723456,4294963200,3816599552,114688
200,1772065243794,800,800,800,800,800,799,800,800,800,800,800,800,5,15.000000953674316,0,100,0,0,20,0,19.047618865966797,0,15.000000953674316,15.000000953674316,15434.60498046875,4096,686,32000,65,88,220930.15649414063,172656.8572998047,2838.74560546875,16408723456,4294963200,3821502464,114688
200,1772065243994,800,800,800,800,800,799,800,800,800,800,800,800,5.263157844543457,20,0,100,0,5,15.000000953674316,0,15.789472579956055,0,20,15.000000953674316,15434.754028320313,4096,686,31938,65,92,220935.19647216797,172661.35498046875,2838.74560546875,16408723456,4294963200,3810516992,114688
199,1772065244194,800,800,800,800,800,799,800,800,800,800,800,800,5,15.000000953674316,0,100,0,15.000000953674316,15.000000953674316,0,15.000000953674316,0,15.000000953674316,0,15434.8984375,4096,686,32247,65,89,220939.85791015625,172665.44750976563,2838.74560546875,16408723456,4294963200,3808223232,114688
200,1772065244394,800,800,800,800,800,799,800,800,800,800,800,800,9.523809432983398,20,0,100,0,20,21.052631378173828,0,20,0,20,0,15435.049987792969,4096,686,33063,65,91,220945.0125732422,172670.04681396484,2838.74560546875,16408723456,4294963200,3812642816,114688
200,1772065244594,800,800,800,800,800,799,800,800,800,800,800,800,5,15.000000953674316,0,100,0,15.000000953674316,14.285715103149414,0,15.000000953674316,0,15.000000953674316,0,15435.192993164063,4096,686,32466,65,90,220949.54412841797,172674.00366210938,2838.74560546875,16408723456,4294963200,3814182912,114688
200,1772065244794,800,800,800,800,800,799,800,800,800,800,800,800,5.263157844543457,20,0,90.47618865966797,0,20,20,14.285715103149414,20,0,20,0,15435.341125488281,4096,686,31862,65,89,220954.6180419922,172678.5191040039,2838.74560546875,16408723456,4294963200,3804192768,114688
200,1772065244994,800,800,800,800,800,799,800,800,800,800,800,800,9.523809432983398,15.000000953674316,0,0,0,10.526315689086914,15.000000953674316,100,15.000000953674316,0,10.526315689086914,0,15435.485595703125,4096,686,32310,65,92,220959.17974853516,172682.53045654297,2838.74560546875,16408723456,4294963200,3812700160,114688
200,1772065245195,800,800,800,800,800,799,800,800,800,800,800,800,5,0,0,0,0,23.809524536132813,20,100,23.809524536132813,20,23.809524536132813,0,15435.63623046875,4096,686,32468,66,89,220964.25549316406,172687.04595947266,2838.74560546875,16408723456,4294963200,3816828928,114688
200,1772065245395,800,800,800,800,800,799,800,800,800,800,800,800,5.263157844543457,0,0,0,0,10,15.000000953674316,100,10.526315689086914,14.285715103149414,10.526315689086914,0,15435.782409667969,4096,686,30994,66,93,220968.8383178711,172691.0581665039,2838.74560546875,16408723456,4294963200,3816828928,114688
200,1772065245595,800,800,800,800,800,799,800,800,800,800,800,800,5,0,0,0,19.047618865966797,25,20,100,23.809524536132813,21.052631378173828,5,0,15435.932556152344,4096,686,32840,66,88,220973.90216064453,172695.5684814453,2838.74560546875,16408723456,4294963200,3809800192,114688
200,1772065245795,800,800,800,800,800,799,800,800,800,800,800,800,9.523809432983398,0,0,0,10.526315689086914,10,15.000000953674316,100,10.526315689086914,14.285715103149414,0,0,15436.078369140625,4096,686,30779,66,91,220978.4360961914,172699.54809570313,2838.74560546875,16408723456,4294963200,3804336128,114688
200,1772065245995,800,800,800,800,800,799,800,800,800,800,800,800,5.263157844543457,0,0,0,20,21.052631378173828,20,100,23.809524536132813,21.052631378173828,0,0,15436.22900390625,4096,686,32408,66,88,220983.4409790039,172703.99688720703,2838.74560546875,16408723456,4294963200,3809591296,114688
200,1772065246195,800,800,800,800,800,799,800,800,800,800,800,800,9.523809432983398,0,0,0,15.000000953674316,14.285715103149414,15.000000953674316,100,10.526315689086914,14.285715103149414,0,0,15436.374755859375,4096,686,31167,65,91,220987.9903564453,172707.99407958984,2838.74560546875,16408723456,4294963200,3801333760,114688
200,1772065246395,800,800,800,800,800,799,800,800,800,800,800,800,5,0,0,0,20,20,20,100,23.809524536132813,20,0,0,15436.522583007813,4096,686,32397,65,90,220992.9832763672,172712.43029785156,2838.74560546875,16408723456,4294963200,3817152512,114688
200,1772065246595,800,800,800,800,800,799,800,800,800,800,800,800,5.263157844543457,0,0,0,15.000000953674316,20,15.000000953674316,100,15.000000953674316,15.789472579956055,0,0,15436.673278808594,4096,686,32937,66,88,220997.7100830078,172716.6240234375,2838.74560546875,16408723456,4294963200,3817926656,114688
200,1772065246795,800,800,800,800,800,799,800,800,800,800,800,800,5,0,0,0,20,15.000000953674316,20,100,15.789472579956055,15.000000953674316,0,0,15436.817810058594,4096,686,31869,66,93,221002.56243896484,172720.89910888672,2838.74560546875,16408723456,4294963200,3817926656,114688
200,1772065246995,800,800,800,800,800,799,800,800,800,800,800,800,5,0,0,0,15.000000953674316,20,15.000000953674316,100,19.047618865966797,20,5,0,15436.968872070313,4096,686,32353,66,88,221007.4760131836,172725.2817993164,2838.74560546875,16408723456,4294963200,3817697280,114688
200,1772065247195,800,800,800,800,800,799,800,800,800,800,800,800,14.285715103149414,0,0,0,0,15.000000953674316,15.789472579956055,100,15.789472579956055,19.047618865966797,19.047618865966797,0,15437.115173339844,4096,686,30714,66,92,221012.20947265625,172729.43621826172,2838.74560546875,16408723456,4294963200,3818844160,114688
200,1772065247395,800,800,800,800,800,799,800,800,800,800,800,800,5,0,0,0,0,20,20,100,20,20,20,0,15437.264282226563,4096,686,32683,66,89,221017.2354736328,172733.9376220703,2838.74560546875,16408723456,4294963200,3819360256,114688
199,1772065247596,800,800,800,800,800,799,800,800,800,800,800,800,5,0,0,0,0,15.000000953674316,15.000000953674316,100,15.000000953674316,15.000000953674316,15.000000953674316,0,15437.410827636719,4096,686,30515,66,89,221021.8701171875,172737.96746826172,2838.74560546875,16408723456,4294963200,3813572608,114688
200,1772065247796,800,800,800,800,800,799,800,800,800,800,800,800,5.263157844543457,0,0,0,0,20,20,100,20,20,20,0,15437.560363769531,4096,686,32642,66,91,221026.99896240234,172742.53869628906,2838.74560546875,16408723456,4294963200,3816669184,114688
200,1772065247996,800,800,800,800,800,799,800,800,800,800,800,800,5,0,0,0,0,15.000000953674316,15.000000953674316,100,15.000000953674316,15.000000953674316,15.000000953674316,0,15437.70556640625,4096,686,31207,66,89,221031.5297241211,172746.5164794922,2838.74560546875,16408723456,4294963200,3816771584,114688
200,1772065248196,800,800,800,800,800,799,800,800,800,800,800,800,5.263157844543457,0,0,0,0,20,20,100,20,20,20,0,15437.8564453125,4096,686,32243,65,91,221036.58416748047,172750.98950195313,2838.74560546875,16408723456,4294963200,3811897344,114688
200,1772065248396,800,800,800,800,800,799,800,800,800,800,800,800,9.523809432983398,0,0,0,0,15.000000953674316,19.047618865966797,100,14.285715103149414,15.000000953674316,15.000000953674316,0,15438.003173828125,4096,686,32413,65,90,221041.14904785156,172755.00036621094,2838.74560546875,16408723456,4294963200,3816312832,114688
200,1772065248596,800,800,800,800,800,799,800,800,800,800,800,800,9.523809432983398,0,0,0,0,20,20,100,21.052631378173828,20,20,0,15438.155090332031,4096,686,32240,66,87,221046.2830810547,172759.54791259766,2838.74560546875,16408723456,4294963200,3818377216,114688
200,1772065248796,800,800,800,800,800,799,800,800,800,800,800,800,5.263157844543457,0,0,0,0,10.526315689086914,15.000000953674316,100,14.285715103149414,14.285715103149414,15.000000953674316,0,15438.301574707031,4096,686,32981,66,92,221050.82873535156,172763.53955078125,2838.74560546875,16408723456,4294963200,3818377216,114688
200,1772065248996,800,800,800,800,800,799,800,800,800,800,800,800,5,5.263157844543457,0,0,5,23.809524536132813,20,100,21.052631378173828,15.000000953674316,15.000000953674316,0,15438.453308105469,4096,686,31308,66,88,221055.9637451172,172768.11614990234,2838.74560546875,16408723456,4294963200,3822231552,114688
200,1772065249196,800,800,800,800,800,799,800,800,800,800,800,800,5,15.000000953674316,0,0,15.000000953674316,10.526315689086914,14.285715103149414,100,10,0,0,0,15438.5986328125,4096,686,32396,66,92,221060.47387695313,172772.04931640625,2838.74560546875,16408723456,4294963200,3813974016,114688
200,1772065249396,800,800,800,800,800,799,800,800,800,800,800,800,5.263157844543457,20,0,0,20,20,21.052631378173828,100,23.809524536132813,0,0,0,15438.75048828125,4096,686,30685,66,88,221065.57843017578,172776.5948486328,2838.74560546875,16408723456,4294963200,3814232064,114688
200,1772065249596,800,800,800,800,800,799,800,800,800,800,800,800,13.636363983154297,10,0,0,15.000000953674316,15.000000953674316,14.285715103149414,100,10.526315689086914,0,0,0,15438.894897460938,4096,686,33125,66,93,221070.1019897461,172780.56774902344,2838.74560546875,16408723456,4294963200,3814232064,114688
200,1772065249797,800,800,800,800,800,799,800,800,800,800,800,800,5,25,0,0,20,20,20,100,20,0,0,0,15439.044555664063,4096,686,31430,66,89,221075.1157836914,172785.0223388672,2838.74560546875,16408723456,4294963200,3810557952,114688
200,1772065249997,800,800,800,800,800,799,800,800,800,800,800,800,5.263157844543457,10,0,0,15.000000953674316,15.000000953674316,15.000000953674316,100,15.000000953674316,0,0,0,15439.192443847656,4096,686,32028,66,91,221079.73345947266,172789.0650024414,2838.74560546875,16408723456,4294963200,3810328576,114688
200,1772065250197,800,800,800,800,800,799,800,800,800,800,800,800,9.523809432983398,21.052631378173828,0,0,20,20,20,100,20,0,0,0,15439.3427734375,4096,686,33066,66,90,221084.7159423828,172793.4916381836,2838.74560546875,16408723456,4294963200,3810328576,114688
200,1772065250397,800,800,800,800,800,799,800,800,800,800,800,800,5.263157844543457,14.285715103149414,0,0,15.000000953674316,15.000000953674316,15.000000953674316,100,15.000000953674316,0,0,0,15439.491943359375,4096,686,31948,66,88,221089.35034179688,172797.57849121094,2838.74560546875,16408723456,4294963200,3810328576,114688
200,1772065250597,800,800,800,800,800,799,800,800,800,800,800,800,5,20,0,0,15.789472579956055,20,15.789472579956055,100,20,0,0,0,15439.637268066406,4096,686,32366,66,93,221094.26293945313,172801.92706298828,2838.74560546875,16408723456,4294963200,3810328576,114688
199,1772065250797,800,800,800,800,800,799,800,800,800,800,800,800,5,20,0,0,19.047618865966797,15.000000953674316,20,100,20,0,0,0,15439.787170410156,4096,686,30686,66,90,221099.1492919922,172806.26654052734,2838.74560546875,16408723456,4294963200,3810328576,114688
200,1772065250997,800,800,800,800,800,799,800,800,800,800,800,800,10,15.000000953674316,0,0,15.789472579956055,20,15.000000953674316,100,15.000000953674316,0,0,0,15439.934387207031,4096,686,32968,66,92,221103.87481689453,172810.42572021484,2838.74560546875,16408723456,4294963200,3810328576,114688
200,1772065251197,800,800,800,800,800,799,800,800,800,800,800,800,5,20,0,45,19.047618865966797,15.000000953674316,20,55,20,0,0,0,15440.086242675781,4096,686,30806,66,88,221108.77069091797,172814.77807617188,2838.74560546875,16408723456,4294963200,3810328576,114688
200,1772065251397,800,800,800,800,800,799,800,800,800,800,800,800,5,15.000000953674316,0,100,15.789472579956055,20,15.000000953674316,0,15.000000953674316,0,0,0,15440.232604980469,4096,686,32239,66,91,221113.43621826172,172818.87286376953,2838.74560546875,16408723456,4294963200,3810328576,114688
200,1772065251597,800,800,800,800,800,799,800,800,800,800,800,800,10,20,0,100,19.047618865966797,19.047618865966797,20,0,15.789472579956055,0,0,0,15440.383178710938,4096,686,30833,66,88,221118.43267822266,172823.33404541016,2838.74560546875,16408723456,4294963200,3812278272,114688
200,1772065251797,800,800,800,800,800,799,800,800,800,800,800,800,5,15.000000953674316,0,100,15.000000953674316,15.000000953674316,15.000000953674316,0,19.047618865966797,0,0,0,15440.529418945313,4096,686,32320,66,91,221123.15228271484,172827.4755859375,2838.74560546875,16408723456,4294963200,3812986880,114688
200,1772065251997,800,800,800,800,800,799,800,800,800,800,800,800,10,15.000000953674316,0,100,20,20,20,0,15.789472579956055,5,0,0,15440.680847167969,4096,686,31712,66,89,221128.15460205078,172831.9496459961,2838.74560546875,16408723456,4294963200,3812892672,114688
200,1772065252197,800,800,800,800,800,799,800,800,800,800,800,800,5,0,0,100,15.000000953674316,15.000000953674316,15.000000953674316,0,19.047618865966797,15.000000953674316,0,0,15440.825988769531,4096,686,32509,66,90,221132.78649902344,172835.99676513672,2838.74560546875,16408723456,4294963200,3804635136,114688
200,1772065252398,800,800,800,800,800,799,800,800,800,800,800,800,5,0,0,100,20,23.809524536132813,20,0,20,20,0,0,15440.978515625,4096,686,33208,66,91,221137.94873046875,172840.59735107422,2838.74560546875,16408723456,4294963200,3815178240,114688
200,1772065252598,800,800,800,800,800,799,800,800,800,800,800,800,5,0,0,100,15.000000953674316,10.526315689086914,15.000000953674316,0,15.000000953674316,15.000000953674316,0,0,15441.124450683594,4096,686,32397,66,88,221142.4920654297,172844.57135009766,2838.74560546875,16408723456,4294963200,3815694336,114688
200,1772065252798,800,800,800,800,800,799,800,800,800,800,800,800,5.263157844543457,0,0,100,20,23.809524536132813,20,0,20,20,0,0,15441.276245117188,4096,686,30801,66,92,221147.66040039063,172849.17889404297,2838.74560546875,16408723456,4294963200,3815690240,114688
200,1772065252998,800,800,800,800,800,799,800,800,800,800,800,800,9.523809432983398,0,0,100,15.000000953674316,10.526315689086914,15.000000953674316,0,10.526315689086914,15.000000953674316,0,0,15441.420349121094,4096,686,32195,66,89,221152.19219970703,172853.1590576172,2838.74560546875,16408723456,4294963200,3816083456,114688
200,1772065253198,800,800,800,800,800,799,800,800,800,800,800,800,5.263157844543457,0,0,100,20,20,20,0,23.809524536132813,20,0,0,15441.571105957031,4096,686,32483,66,92,221157.31958007813,172857.70861816406,2838.74560546875,16408723456,4294963200,3816083456,114688
200,1772065253398,800,800,800,800,800,799,800,800,800,800,800,800,9.523809432983398,0,0,100,15.000000953674316,15.000000953674316,15.000000953674316,0,10.526315689086914,10.526315689086914,0,0,15441.718994140625,4096,686,31924,66,88,221161.91467285156,172861.73999023438,2838.74560546875,16408723456,4294963200,3819532288,114688
200,1772065253598,800,800,800,800,800,799,800,800,800,800,800,800,5,0,0,100,20,20,20,0,20,20,0,0,15441.869201660156,4096,686,33086,66,91,221166.9805908203,172866.24798583984,2838.74560546875,16408723456,4294963200,3807776768,114688
200,1772065253798,800,800,800,800,800,799,800,800,800,800,800,800,5.263157844543457,0,0,100,15.000000953674316,15.000000953674316,10.526315689086914,0,18.18181800842285,15.000000953674316,0,0,15442.0146484375,4096,686,31093,66,90,221171.57720947266,172870.26538085938,2838.74560546875,16408723456,4294963200,3816042496,114688
200,1772065253998,800,800,800,800,800,799,800,800,800,800,800,800,9.523809432983398,5.263157844543457,0,100,20,20,23.809524536132813,0,21.052631378173828,15.000000953674316,0,0,15442.161193847656,4096,686,33235,66,91,221176.6317138672,172874.76196289063,2838.74560546875,16408723456,4294963200,3816071168,114688
200,1772065254198,800,800,800,800,800,799,800,800,800,800,800,800,5,14.285715103149414,0,100,0,15.000000953674316,10,0,14.285715103149414,0,10.526315689086914,0,15442.307495117188,4096,686,31238,66,92,221181.1925048828,172878.76922607422,2838.74560546875,16408723456,4294963200,3816071168,114688
200,1772065254398,800,800,800,800,800,799,800,800,800,800,800,800,5.263157844543457,21.052631378173828,0,100,0,20,21.052631378173828,0,21.052631378173828,0,23.809524536132813,0,15442.458923339844,4096,686,31959,66,89,221186.19555664063,172883.2120361328,2838.74560546875,16408723456,4294963200,3819892736,114688
200,1772065254599,800,800,800,800,800,799,800,800,800,800,800,800,9.523809432983398,14.285715103149414,0,100,0,15.000000953674316,14.285715103149414,0,14.285715103149414,0,10.526315689086914,0,15442.60400390625,4096,686,31093,66,92,221190.80310058594,172887.26416015625,2838.74560546875,16408723456,4294963200,3817648128,114688
200,1772065254799,800,800,800,800,800,799,800,800,800,800,800,800,5.263157844543457,21.052631378173828,0,100,0,20,20,0,20,0,20,0,15442.752990722656,4096,686,32085,66,89,221195.74810791016,172891.634765625,2838.74560546875,16408723456,4294963200,3813056512,114688
200,1772065254999,800,800,800,800,800,799,800,800,800,800,800,800,5,15.000000953674316,0,100,0,15.000000953674316,15.000000953674316,0,15.000000953674316,0,15.000000953674316,0,15442.902954101563,4096,686,33017,66,92,221200.5128173828,172895.84643554688,2838.74560546875,16408723456,4294963200,3820576768,114688
200,1772065255199,800,800,800,800,800,799,800,800,800,800,800,800,10,20,0,100,0,20,20,0,20,0,20,0,15443.050476074219,4096,686,31802,66,88,221205.44256591797,172900.21325683594,2838.74560546875,16408723456,4294963200,3814297600,114688
200,1772065255399,800,800,800,800,800,799,800,800,800,800,800,800,5,15.000000953674316,0,100,0,15.000000953674316,15.000000953674316,0,15.000000953674316,0,15.000000953674316,0,15443.199401855469,4096,686,32573,66,91,221210.18017578125,172904.4024658203,2838.74560546875,16408723456,4294963200,3808706560,114688
200,1772065255599,800,800,800,800,800,799,800,800,800,800,800,800,5,19.047618865966797,0,100,0,20,20,0,20,0,20,0,15443.345153808594,4096,686,31184,66,89,221215.0355834961,172908.69189453125,2838.74560546875,16408723456,4294963200,3813056512,114688
200,1772065255799,800,800,800,800,800,799,800,800,800,800,800,800,5.263157844543457,15.789472579956055,0,100,0,15.000000953674316,15.000000953674316,0,15.000000953674316,0,15.000000953674316,0,15443.496459960938,4096,686,32592,66,91,221219.7498779297,172912.86419677734,2838.74560546875,16408723456,4294963200,3817783296,114688
200,1772065255999,800,800,800,800,800,799,800,800,800,800,800,800,9.523809432983398,19.047618865966797,0,100,0,20,20,0,20,0,19.047618865966797,0,15443.639892578125,4096,686,30742,66,89,221224.58862304688,172917.13317871094,2838.74560546875,16408723456,4294963200,3808202752,114688
200,1772065256199,800,800,800,800,800,799,800,800,800,800,800,800,9.523809432983398,15.789472579956055,0,100,15.789472579956055,19.047618865966797,20,0,15.789472579956055,0,0,0,15443.789001464844,4096,686,33100,66,90,221229.5059814453,172921.51501464844,2838.74560546875,16408723456,4294963200,3804348416,114688
200,1772065256399,800,800,800,800,800,799,800,800,800,800,800,800,5.263157844543457,15.000000953674316,0,100,15.000000953674316,15.000000953674316,15.000000953674316,0,15.000000953674316,0,0,0,15443.934692382813,4096,686,31008,66,92,221234.14196777344,172925.57153320313,2838.74560546875,16408723456,4294963200,3812347904,114688
200,1772065256599,800,800,800,800,800,799,800,800,800,800,800,800,5,20,0,100,20,15.789472579956055,15.789472579956055,0,20,0,0,0,15444.087219238281,4096,686,31925,66,87,221239.14575195313,172930.04718017578,2838.74560546875,16408723456,4294963200,3813982208,114688
200,1772065256799,800,800,800,800,800,799,800,800,800,800,800,800,9.523809432983398,15.000000953674316,0,100,15.000000953674316,19.047618865966797,19.047618865966797,0,15.000000953674316,0,0,0,15444.234558105469,4096,686,31040,66,92,221243.85107421875,172934.16552734375,2838.74560546875,16408723456,4294963200,3814449152,114688
200,1772065257000,800,800,800,800,800,799,800,800,800,800,800,800,5.263157844543457,20,0,100,20,15.789472579956055,15.789472579956055,0,20,0,0,0,15444.385681152344,4096,686,32107,66,88,221248.79138183594,172938.57971191406,2838.74560546875,16408723456,4294963200,3813392384,114688
200,1772065257200,800,800,800,800,800,799,800,800,800,800,800,800,5,15.000000953674316,0,100,15.000000953674316,19.047618865966797,19.047618865966797,0,15.000000953674316,0,0,0,15444.533020019531,4096,686,31632,66,92,221253.5245361328,172942.70373535156,2838.74560546875,16408723456,4294963200,3813392384,114688
200,1772065257400,800,800,800,800,800,799,800,800,800,800,800,800,9.523809432983398,20,0,100,20,20,20,0,20,0,0,0,15444.682739257813,4096,686,32604,66,88,221258.65447998047,172947.27587890625,2838.74560546875,16408723456,4294963200,3813392384,114688
200,1772065257600,800,800,800,800,800,799,800,800,800,800,800,800,5.263157844543457,15.000000953674316,0,100,15.000000953674316,15.000000953674316,15.000000953674316,0,15.000000953674316,0,0,0,15444.826721191406,4096,686,32301,66,93,221263.1466064453,172951.21185302734,2838.74560546875,16408723456,4294963200,3813392384,114688
200,1772065257800,800,800,800,800,800,799,800,800,800,800,800,800,5,23.809524536132813,0,100,20,20,20,0,20,0,0,0,15444.979736328125,4096,686,31160,66,89,221268.30584716797,172955.8126220703,2838.74560546875,16408723456,4294963200,3815456768,114688
200,1772065258000,800,800,800,800,800,799,800,800,800,800,800,800,5,15.000000953674316,0,100,14.285715103149414,15.000000953674316,15.000000953674316,0,15.000000953674316,0,0,0,15445.124328613281,4096,686,32368,66,91,221272.8514404297,172959.80200195313,2838.74560546875,16408723456,4294963200,3813699584,114688
200,1772065258200,800,800,800,800,800,799,800,800,800,800,800,800,10,20,0,100,0,20,20,0,20,0,23.809524536132813,0,15445.276062011719,4096,686,31208,66,89,221277.9912109375,172964.38311767578,2838.74560546875,16408723456,4294963200,3813994496,114688
200,1772065258400,800,800,800,800,800,799,800,800,800,800,800,800,5,15.000000953674316,0,100,0,10.526315689086914,10.526315689086914,0,15.000000953674316,0,10.526315689086914,0,15445.421936035156,4096,686,33107,66,91,221282.53442382813,172968.36962890625,2838.74560546875,16408723456,4294963200,3817086976,114688
200,1772065258600,800,800,800,800,800,799,800,800,800,800,800,800,5.263157844543457,20,0,100,0,23.809524536132813,23.809524536132813,0,20,0,20,0,15445.575622558594,4096,686,30475,66,89,221287.66479492188,172972.9375,2838.74560546875,16408723456,4294963200,3817086976,114688
200,1772065258800,800,800,800,800,800,799,800,800,800,800,800,800,9.523809432983398,15.000000953674316,0,100,0,10.526315689086914,10.526315689086914,0,15.000000953674316,0,15.000000953674316,0,15445.720886230469,4096,686,32876,66,88,221292.2020263672,172976.9175415039,2838.74560546875,16408723456,4294963200,3809976320,114688
200,1772065259000,800,800,800,800,800,799,800,800,800,800,800,800,5,20,0,100,0,20,20,0,20,0,20,0,15445.873352050781,4096,686,30505,66,91,221297.39471435547,172981.52325439453,2838.74560546875,16408723456,4294963200,3816140800,114688
200,1772065259200,800,800,800,800,800,799,800,800,800,800,800,800,5.263157844543457,15.000000953674316,0,100,0,15.000000953674316,15.000000953674316,0,15.000000953674316,0,15.000000953674316,0,15446.019104003906,4096,686,32239,66,86,221301.88885498047,172985.4638671875,2838.74560546875,16408723456,4294963200,3816931328,114688
200,1772065259401,800,800,800,800,800,799,800,800,800,800,800,800,5,20,0,100,0,20,23.809524536132813,0,20,0,23.809524536132813,0,15446.173400878906,4096,686,30532,66,92,221307.06713867188,172990.08001708984,2838.74560546875,16408723456,4294963200,3818737664,114688
200,1772065259601,800,800,800,800,800,799,800,800,800,800,800,800,13.636363983154297,10.526315689086914,0,100,0,15.000000953674316,14.285715103149414,0,10.526315689086914,0,15.000000953674316,0,15446.318786621094,4096,686,32161,66,88,221311.64715576172,172994.08709716797,2838.74560546875,16408723456,4294963200,3813425152,114688
200,1772065259801,800,800,800,800,800,799,800,800,800,800,800,800,5.263157844543457,20,0,100,0,20,21.052631378173828,0,20,0,20,4.761904716491699,15446.46923828125,4096,686,31234,66,92,221316.82006835938,172998.70098876953,2838.74560546875,16408723456,4294963200,3813425152,114688
200,1772065260001,800,800,800,800,800,799,800,800,800,800,800,800,5,10,0,100,0,10.526315689086914,10,0,14.285715103149414,10,10,0,15446.616027832031,4096,686,32059,66,88,221321.37854003906,173002.70196533203,2838.74560546875,16408723456,4294963200,3813425152,114688
200,1772065260201,800,800,800,800,800,799,800,800,800,800,800,800,5.263157844543457,0,0,100,0,20,21.052631378173828,0,25,20,21.052631378173828,0,15446.772094726563,4096,686,31839,66,91,221326.4810180664,173007.23638916016,2838.7508544921875,16408723456,4294963200,3804573696,114688
200,1772065260401,800,800,800,800,800,799,800,800,800,800,800,800,5,0,0,100,0,15.000000953674316,14.285715103149414,0,14.285715103149414,15.000000953674316,14.285715103149414,0,15446.918579101563,4096,686,32356,66,87,221331.01440429688,173011.21313476563,2838.7508544921875,16408723456,4294963200,3812573184,114688
200,1772065260601,800,800,800,800,800,799,800,800,800,800,800,800,5,0,0,100,0,23.809524536132813,20,0,21.052631378173828,20,21.052631378173828,0,15447.068298339844,4096,686,32949,67,93,221336.17626953125,173015.81616210938,2838.7508544921875,16408723456,4294963200,3811061760,114688
200,1772065260801,800,800,800,800,800,799,800,800,800,800,800,800,5,0,0,100,0,15.000000953674316,15.000000953674316,0,14.285715103149414,15.000000953674316,14.285715103149414,0,15447.21337890625,4096,686,31750,67,88,221340.73834228516,173019.82446289063,2838.7508544921875,16408723456,4294963200,3812093952,114688
200,1772065261001,800,800,800,800,800,799,800,800,800,800,800,800,10,0,0,100,5.263157844543457,20,20,0,20,20,15.000000953674316,0,15447.36767578125,4096,686,32442,67,91,221345.92193603516,173024.44451904297,2838.7508544921875,16408723456,4294963200,3812208640,114688
200,1772065261201,800,800,800,800,800,799,800,800,800,800,800,800,5,0,0,100,15.000000953674316,15.000000953674316,15.000000953674316,0,15.000000953674316,15.000000953674316,0,0,15447.512939453125,4096,686,31318,67,88,221350.46356201172,173028.43170166016,2838.7508544921875,16408723456,4294963200,3812204544,114688
200,1772065261401,800,800,800,800,800,799,800,800,800,800,800,800,5,0,0,100,20,20,20,0,20,15.789472579956055,0,0,15447.66552734375,4096,686,30935,67,92,221355.6596069336,173033.06640625,2838.7508544921875,16408723456,4294963200,3814785024,114688
200,1772065261601,800,800,800,800,800,799,800,800,800,800,800,800,10,0,0,100,14.285715103149414,15.000000953674316,15.000000953674316,0,10.526315689086914,14.285715103149414,0,0,15447.810485839844,4096,686,31504,66,88,221360.23071289063,173037.08270263672,2838.7508544921875,16408723456,4294963200,3818397696,114688
199,1772065261802,800,800,800,800,800,799,800,800,800,800,800,800,5,0,0,100,21.052631378173828,20,20,0,20,21.052631378173828,0,0,15447.959777832031,4096,686,31099,66,91,221365.37591552734,173041.69775390625,2838.7508544921875,16408723456,4294963200,3818663936,114688
200,1772065262002,800,800,800,800,800,799,800,800,800,800,800,800,10,0,4.761904716491699,100,14.285715103149414,15.000000953674316,15.000000953674316,0,15.000000953674316,14.285715103149414,0,0,15448.106689453125,4096,686,32063,66,89,221369.97583007813,173045.70513916016,2838.7508544921875,16408723456,4294963200,3822809088,114688
200,1772065262202,800,800,800,800,800,799,800,800,800,800,800,800,5,0,0,100,21.052631378173828,20,20,0,20,20,0,0,15448.256469726563,4096,686,31933,66,90,221375.17016601563,173050.3233642578,2838.7508544921875,16408723456,4294963200,3814002688,114688
200,1772065262402,800,800,800,800,800,799,800,800,800,800,800,800,5.263157844543457,0,0,100,10,10,10.526315689086914,0,15.000000953674316,15.000000953674316,0,0,15448.402221679688,4096,686,32273,66,90,221379.70928955078,173054.3074951172,2838.7508544921875,16408723456,4294963200,3814002688,114688
200,1772065262602,800,800,800,800,800,799,800,800,800,800,800,800,9.523809432983398,0,0,100,23.809524536132813,25,23.809524536132813,0,20,20,0,0,15448.5556640625,4096,686,33017,66,87,221384.89819335938,173058.93585205078,2838.7508544921875,16408723456,4294963200,3814797312,114688
200,1772065262802,800,800,800,800,800,799,800,800,800,800,800,800,9.523809432983398,0,0,100,10.526315689086914,10,10.526315689086914,0,15.000000953674316,15.000000953674316,0,0,15448.701049804688,4096,686,31572,66,93,221389.47131347656,173062.95275878906,2838.7508544921875,16408723456,4294963200,3814797312,114688
200,1772065263002,800,800,800,800,800,799,800,800,800,800,800,800,5,5,0,100,20,20,20,0,20,10.526315689086914,0,0,15448.849548339844,4096,686,32696,66,89,221394.60748291016,173067.52905273438,2838.7508544921875,16408723456,4294963200,3813158912,114688
200,1772065263202,800,800,800,800,800,799,800,800,800,800,800,800,5.263157844543457,15.000000953674316,0,100,15.000000953674316,15.000000953674316,15.000000953674316,0,10.526315689086914,0,0,0,15448.995666503906,4096,686,30842,67,91,221399.20977783203,173071.5751953125,2838.7508544921875,16408723456,4294963200,3813416960,114688
200,1772065263402,800,800,800,800,800,799,800,800,800,800,800,800,5,20,0,100,20,20,20,0,23.809524536132813,0,0,0,15449.148681640625,4096,686,33195,67,88,221404.4105834961,173076.21264648438,2838.7508544921875,16408723456,4294963200,3815481344,114688
200,1772065263602,800,800,800,800,800,799,800,800,800,800,800,800,10,15.000000953674316,0,100,15.000000953674316,15.000000953674316,15.000000953674316,0,10.526315689086914,0,0,0,15449.29345703125,4096,686,30607,67,92,221408.96228027344,173080.2061767578,2838.7508544921875,16408723456,4294963200,3814043648,114688
200,1772065263802,800,800,800,800,800,799,800,800,800,800,800,800,5,20,0,100,20,20,20,0,23.809524536132813,0,0,0,15449.446350097656,4096,686,32588,67,88,221414.14111328125,173084.82537841797,2838.7508544921875,16408723456,4294963200,3817914368,114688
200,1772065264002,800,800,800,800,800,799,800,800,800,800,800,800,9.523809432983398,15.000000953674316,0,100,19.047618865966797,15.000000953674316,15.000000953674316,0,10.526315689086914,0,0,0,15449.591247558594,4096,686,30670,67,91,221418.7149658203,173088.84686279297,2838.7508544921875,16408723456,4294963200,3810394112,114688
200,1772065264203,800,800,800,800,800,799,800,800,800,800,800,800,5.263157844543457,21.052631378173828,0,42.85714340209961,15.789472579956055,21.052631378173828,65,60.000003814697266,23.809524536132813,0,20,0,15449.766296386719,4096,686,32037,66,87,221425.88372802734,173095.4207763672,2838.7508544921875,16408723456,4294963200,3836403712,114688
200,1772065264403,800,800,800,800,800,799,800,800,800,800,800,800,5,15.000000953674316,0,0,15.000000953674316,15.000000953674316,10,100,10.526315689086914,0,15.000000953674316,0,15449.924255371094,4096,686,30490,66,91,221430.80181884766,173099.75201416016,2838.7508544921875,16408723456,4294963200,3839258624,114688
200,1772065264603,800,800,800,800,800,799,800,800,800,800,800,800,5.263157844543457,20,0,0,20,20,0,100,20,0,21.052631378173828,0,15450.074829101563,4096,686,32310,67,87,221435.80096435547,173104.19091796875,2838.7508544921875,16408723456,4294963200,3833028608,114688
200,1772065264803,800,800,800,800,800,799,800,800,800,800,800,800,9.523809432983398,15.000000953674316,0,0,0,15.000000953674316,15.000000953674316,100,15.000000953674316,0,14.285715103149414,0,15450.219604492188,4096,686,30697,67,91,221440.29510498047,173108.1298828125,2838.7508544921875,16408723456,4294963200,3833028608,114688
200,1772065265003,800,800,800,800,800,799,800,800,800,800,800,800,5,20,0,0,0,14.285715103149414,20,100,20,0,20,5,15450.369445800781,4096,686,32009,67,91,221445.42346191406,173112.7069091797,2838.7508544921875,16408723456,4294963200,3829645312,114688
200,1772065265203,800,800,800,800,800,799,800,800,800,800,800,800,5.263157844543457,15.000000953674316,0,0,0,0,15.000000953674316,100,15.000000953674316,0,15.000000953674316,15.000000953674316,15450.514526367188,4096,686,31099,67,89,221450.07104492188,173116.7866821289,2838.7508544921875,16408723456,4294963200,3833257984,114688
200,1772065265403,800,800,800,800,800,799,800,800,800,800,800,800,9.523809432983398,20,0,0,0,0,20,100,20,0,21.052631378173828,23.809524536132813,15450.665588378906,4096,686,32495,67,91,221455.28771972656,173121.44384765625,2838.7508544921875,16408723456,4294963200,3835322368,114688
200,1772065265603,800,800,800,800,800,799,800,800,800,800,800,800,5.263157844543457,14.285715103149414,0,0,0,0,15.000000953674316,100,15.000000953674316,0,14.285715103149414,10.526315689086914,15450.809936523438,4096,686,32583,67,90,221459.84240722656,173125.4439086914,2838.7508544921875,16408723456,4294963200,3828076544,114688
200,1772065265803,800,800,800,800,800,799,800,800,800,800,800,800,9.523809432983398,21.052631378173828,0,0,0,0,20,100,23.809524536132813,0,20,20,15450.960021972656,4096,686,32494,67,89,221465.06671142578,173130.1055908203,2838.7508544921875,16408723456,4294963200,3825209344,114688
200,1772065266003,800,800,800,800,800,799,800,800,800,800,800,800,5,14.285715103149414,0,0,0,0,15.000000953674316,100,15.000000953674316,0,15.000000953674316,15.000000953674316,15451.105407714844,4096,686,33131,67,90,221469.59674072266,173134.07525634766,2838.7508544921875,16408723456,4294963200,3828408320,114688
200,1772065266203,800,800,800,800,800,799,800,800,800,800,800,800,5,21.052631378173828,0,0,0,0,20,100,20,0,20,20,15451.2548828125,4096,686,31366,66,88,221474.7393798828,173138.6583251953,2838.7508544921875,16408723456,4294963200,3828408320,114688
200,1772065266403,800,800,800,800,800,799,800,800,800,800,800,800,5.263157844543457,14.285715103149414,0,0,0,0,15.000000953674316,100,14.285715103149414,0,15.000000953674316,15.000000953674316,15451.399353027344,4096,686,32638,66,93,221479.29425048828,173142.65991210938,2838.7508544921875,16408723456,4294963200,3828408320,114688
200,1772065266604,800,800,800,800,800,799,800,800,800,800,800,800,9.523809432983398,20,0,0,0,0,20,100,21.052631378173828,0,23.809524536132813,20,15451.547424316406,4096,686,30885,67,89,221484.4696044922,173147.27362060547,2838.7508544921875,16408723456,4294963200,3826864128,114688
200,1772065266804,800,800,800,800,800,799,800,800,800,800,800,800,5.263157844543457,15.000000953674316,0,0,0,0,14.285715103149414,100,14.285715103149414,0,15.000000953674316,15.000000953674316,15451.692993164063,4096,686,33185,67,92,221489.0389404297,173151.28680419922,2838.7508544921875,16408723456,4294963200,3826860032,114688
200,1772065267004,800,800,800,800,800,799,800,800,800,800,800,800,9.523809432983398,20,0,0,0,5,21.052631378173828,100,20,0,20,15.000000953674316,15451.845458984375,4096,686,30666,67,88,221494.23052978516,173155.8983154297,2838.7508544921875,16408723456,4294963200,3825864704,114688
200,1772065267204,800,800,800,800,800,799,800,800,800,800,800,800,5,15.000000953674316,0,0,0,15.000000953674316,14.285715103149414,100,15.000000953674316,0,15.000000953674316,0,15451.990966796875,4096,686,32100,67,92,221498.82879638672,173159.94036865234,2838.7508544921875,16408723456,4294963200,3827920896,114688
200,1772065267404,800,800,800,800,800,799,800,800,800,800,800,800,5.263157844543457,20,0,0,0,20,20,100,20,0,20,0,15452.140930175781,4096,686,31061,67,88,221504.00860595703,173164.55987548828,2838.7508544921875,16408723456,4294963200,3828215808,114688
200,1772065267604,800,800,800,800,800,799,800,800,800,800,800,800,5,10.526315689086914,0,0,0,15.000000953674316,10.526315689086914,100,15.000000953674316,0,10.526315689086914,0,15452.286499023438,4096,686,32304,67,92,221508.5546875,173168.5493774414,2838.7508544921875,16408723456,4294963200,3828215808,114688
200,1772065267804,800,800,800,800,800,799,800,800,800,800,800,800,9.523809432983398,23.809524536132813,4.761904716491699,0,0,20,23.809524536132813,100,20,0,23.809524536132813,0,15452.4365234375,4096,686,31888,67,88,221513.7215576172,173173.1551513672,2838.7508544921875,16408723456,4294963200,3822067712,114688
200,1772065268004,800,800,800,800,800,799,800,800,800,800,800,800,5.263157844543457,10.526315689086914,0,0,5,15.000000953674316,10.526315689086914,100,10.526315689086914,0,5,0,15452.581176757813,4096,686,32689,67,91,221518.30712890625,173177.18585205078,2838.7508544921875,16408723456,4294963200,3826839552,114688
200,1772065268204,800,800,800,800,800,799,800,800,800,800,800,800,9.523809432983398,20,0,0,20,20,20,100,20,0,0,0,15452.727966308594,4096,686,33078,67,90,221523.30169677734,173181.6206665039,2838.7508544921875,16408723456,4294963200,3818582016,114688
200,1772065268404,800,800,800,800,800,799,800,800,800,800,800,800,5.263157844543457,15.000000953674316,0,0,15.000000953674316,10.526315689086914,15.000000953674316,100,15.000000953674316,0,0,0,15452.87353515625,4096,686,31404,67,90,221527.91094970703,173185.67248535156,2838.7508544921875,16408723456,4294963200,3828129792,114688
200,1772065268605,800,800,800,800,800,799,800,800,800,800,800,800,5,23.809524536132813,0,0,20,23.809524536132813,20,100,20,0,0,0,15453.023620605469,4096,686,32903,67,92,221532.9839477539,173190.1840209961,2838.7508544921875,16408723456,4294963200,3825909760,114688
200,1772065268805,800,800,800,800,800,799,800,800,800,800,800,800,5,15.000000953674316,0,0,15.000000953674316,10.526315689086914,15.000000953674316,100,15.000000953674316,0,0,0,15453.168395996094,4096,686,31028,67,89,221537.6215209961,173194.26690673828,2838.7508544921875,16408723456,4294963200,3825909760,114688
200,1772065269005,800,800,800,800,800,799,800,800,800,800,800,800,9.523809432983398,20,0,0,15.000000953674316,20,20,100,20,0,5,0,15453.322021484375,4096,686,33101,67,92,221542.75787353516,173198.82275390625,2838.7508544921875,16408723456,4294963200,3826159616,114688
200,1772065269205,800,800,800,800,800,799,800,800,800,800,800,800,10,15.000000953674316,0,0,0,15.000000953674316,19.047618865966797,100,15.000000953674316,0,15.000000953674316,0,15453.4658203125,4096,686,30604,67,89,221547.32928466797,173202.84075927734,2838.7508544921875,16408723456,4294963200,3822710784,114688
200,1772065269405,800,800,800,800,800,799,800,800,800,800,800,800,5,20,0,0,0,20,20,100,20,0,20,0,15453.6181640625,4096,686,32641,67,92,221552.4666748047,173207.39025878906,2838.7508544921875,16408723456,4294963200,3822710784,114688
200,1772065269605,800,800,800,800,800,799,800,800,800,800,800,800,5,15.000000953674316,0,0,0,15.000000953674316,15.000000953674316,100,15.000000953674316,0,10.526315689086914,0,15453.761901855469,4096,686,31744,67,89,221557.0926513672,173211.45989990234,2838.7508544921875,16408723456,4294963200,3820220416,114688
200,1772065269805,800,800,800,800,800,799,800,800,800,800,800,800,5.263157844543457,20,0,0,0,20,20,100,20,0,23.809524536132813,0,15453.912475585938,4096,686,33023,67,92,221562.0673828125,173215.8721923828,2838.7508544921875,16408723456,4294963200,3824349184,114688
200,1772065270005,800,800,800,800,800,799,800,800,800,800,800,800,9.523809432983398,15.000000953674316,0,0,0,14.285715103149414,15.000000953674316,100,15.000000953674316,0,10.526315689086914,0,15454.05859375,4096,686,31092,67,88,221566.68688964844,173219.93450927734,2838.7508544921875,16408723456,4294963200,3824107520,114688
200,1772065270205,800,800,800,800,800,799,800,800,800,800,800,800,10.526315689086914,20,0,0,0,21.052631378173828,20,100,20,0,20,0,15454.215759277344,4096,686,33460,67,90,221571.73236083984,173224.41650390625,2838.7508544921875,16408723456,4294963200,3826167808,114688
200,1772065270405,800,800,800,800,800,799,800,800,800,800,800,800,5,15.000000953674316,0,0,0,14.285715103149414,15.000000953674316,100,15.000000953674316,0,15.000000953674316,0,15454.361877441406,4096,686,30501,67,89,221576.37530517578,173228.50390625,2838.7508544921875,16408723456,4294963200,3818274816,114688
200,1772065270605,800,800,800,800,800,799,800,800,800,800,800,800,9.523809432983398,20,0,0,0,21.052631378173828,20,100,20,0,20,0,15454.512939453125,4096,686,32823,67,89,221581.48693847656,173233.05249023438,2838.7508544921875,16408723456,4294963200,3813384192,114688
200,1772065270806,800,800,800,800,800,799,800,800,800,800,800,800,5.263157844543457,15.000000953674316,0,0,0,14.285715103149414,14.285715103149414,100,14.285715103149414,0,15.000000953674316,0,15454.659118652344,4096,686,30638,67,90,221586.14154052734,173237.15112304688,2838.7508544921875,16408723456,4294963200,3815190528,114688
200,1772065271006,800,800,800,800,800,799,800,800,800,800,800,800,9.523809432983398,20,0,0,0,21.052631378173828,21.052631378173828,100,21.052631378173828,0,20,0,15454.811706542969,4096,686,32106,67,88,221591.26446533203,173241.69213867188,2838.7508544921875,16408723456,4294963200,3815022592,114688
200,1772065271206,800,800,800,800,800,799,800,800,800,800,800,800,5,15.000000953674316,0,30.000001907348633,0,14.285715103149414,14.285715103149414,65,14.285715103149414,0,15.000000953674316,0,15454.957702636719,4096,686,30869,67,92,221595.828125,173245.69842529297,2838.7508544921875,16408723456,4294963200,3817086976,114688
200,1772065271406,800,800,800,800,800,799,800,800,800,800,800,800,10,20,0,100,0,23.809524536132813,21.052631378173828,0,21.052631378173828,0,20,0,15455.108459472656,4096,686,32082,67,88,221600.98712158203,173250.29522705078,2838.7508544921875,16408723456,4294963200,3816165376,114688
200,1772065271606,800,800,800,800,800,799,800,800,800,800,800,800,5,10.526315689086914,0,100,0,15.000000953674316,14.285715103149414,0,14.285715103149414,0,15.000000953674316,0,15455.254089355469,4096,686,30839,67,92,221605.5972290039,173254.34844970703,2838.7508544921875,16408723456,4294963200,3816165376,114688
200,1772065271806,800,800,800,800,800,799,800,800,800,800,800,800,5.263157844543457,23.809524536132813,0,100,0,20,20,0,20,0,20,0,15455.403442382813,4096,686,32483,67,88,221610.61987304688,173258.80963134766,2838.7508544921875,16408723456,4294963200,3810258944,114688
200,1772065272006,800,800,800,800,800,799,800,800,800,800,800,800,9.523809432983398,10,0,100,0,15.000000953674316,15.000000953674316,0,10.526315689086914,0,15.000000953674316,0,15455.546875,4096,686,32195,67,93,221615.25463867188,173262.88946533203,2838.7508544921875,16408723456,4294963200,3817226240,114688
200,1772065272206,800,800,800,800,800,799,800,800,800,800,800,800,5,0,0,100,0,20,20,0,23.809524536132813,20,20,0,15455.698120117188,4096,686,32370,67,88,221620.24810791016,173267.3221435547,2838.7508544921875,16408723456,4294963200,3800186880,114688
200,1772065272406,800,800,800,800,800,799,800,800,800,800,800,800,5.263157844543457,0,0,100,0,10.526315689086914,15.000000953674316,0,10.526315689086914,15.000000953674316,14.285715103149414,0,15455.841430664063,4096,686,32993,67,92,221624.87170410156,173271.38946533203,2838.7508544921875,16408723456,4294963200,3816439808,114688
200,1772065272606,800,800,800,800,800,799,800,800,800,800,800,800,5,0,0,100,0,23.809524536132813,20,0,20,20,21.052631378173828,0,15455.990661621094,4096,686,31591,67,89,221629.91510009766,173275.87268066406,2838.7508544921875,16408723456,4294963200,3815460864,114688
200,1772065272807,800,800,800,800,800,799,800,800,800,800,800,800,10,0,0,100,0,10.526315689086914,10.526315689086914,0,15.000000953674316,15.000000953674316,14.285715103149414,0,15456.135986328125,4096,686,33167,67,92,221634.69427490234,173280.0948486328,2838.7508544921875,16408723456,4294963200,3818848256,114688
200,1772065273007,800,800,800,800,800,799,800,800,800,800,800,800,5,0,0,100,5,20,20,0,20,20,10.526315689086914,0,15456.28515625,4096,686,31098,67,90,221639.728515625,173284.5654296875,2838.7508544921875,16408723456,4294963200,3818590208,114688
200,1772065273207,800,800,800,800,800,799,800,800,800,800,800,800,10,0,0,100,15.000000953674316,15.000000953674316,15.000000953674316,0,15.000000953674316,15.000000953674316,0,0,15456.435180664063,4096,686,33073,67,91,221644.39776611328,173288.6591796875,2838.7508544921875,16408723456,4294963200,3818999808,114688
200,1772065273407,800,800,800,800,800,799,800,800,800,800,800,800,9.523809432983398,0,0,100,20,20,20,0,20,20,0,0,15456.581848144531,4096,686,30537,67,91,221649.34112548828,173293.04559326172,2838.7508544921875,16408723456,4294963200,3818999808,114688
200,1772065273607,800,800,800,800,800,799,800,800,800,800,800,800,5,0,0,100,15.000000953674316,15.000000953674316,15.000000953674316,0,15.000000953674316,15.000000953674316,0,0,15456.729553222656,4096,686,32319,67,89,221654.03649902344,173297.18872070313,2838.7508544921875,16408723456,4294963200,3818999808,114688
200,1772065273807,800,800,800,800,800,799,800,800,800,800,800,800,5,0,0,100,20,20,20,0,20,20,0,0,15456.8759765625,4096,686,31229,67,92,221658.95050048828,173301.5357055664,2838.7508544921875,16408723456,4294963200,3817803776,114688
200,1772065274007,800,800,800,800,800,799,800,800,800,800,800,800,5.263157844543457,4.761904716491699,0,100,15.000000953674316,15.000000953674316,15.000000953674316,0,15.000000953674316,10.526315689086914,0,0,15457.026184082031,4096,686,32603,67,88,221663.73126220703,173305.76721191406,2838.7508544921875,16408723456,4294963200,3819479040,114688
200,1772065274207,800,800,800,800,800,799,800,800,800,800,800,800,5,20,0,100,20,20,20,0,20,0,0,0,15457.171203613281,4096,686,32512,67,92,221668.6615600586,173310.12768554688,2838.7508544921875,16408723456,4294963200,3819393024,114688
200,1772065274407,800,800,800,800,800,799,800,800,800,800,800,800,14.285715103149414,15.000000953674316,0,100,15.000000953674316,15.000000953674316,15.000000953674316,0,15.000000953674316,0,0,0,15457.319702148438,4096,686,32381,67,89,221673.59368896484,173314.51776123047,2838.7508544921875,16408723456,4294963200,3816091648,114688
200,1772065274607,800,800,800,800,800,799,800,800,800,800,800,800,5.263157844543457,15.789472579956055,0,100,20,20,20,0,20,0,0,0,15457.463439941406,4096,686,32932,67,92,221678.46545410156,173318.78637695313,2838.7508544921875,16408723456,4294963200,3817082880,114688
200,1772065274807,800,800,800,800,800,799,800,800,800,800,800,800,5,19.047618865966797,0,100,19.047618865966797,15.000000953674316,15.000000953674316,0,15.000000953674316,0,0,0,15457.61376953125,4096,686,31329,67,89,221683.38037109375,173323.16180419922,2838.7508544921875,16408723456,4294963200,3816902656,114688
200,1772065275007,800,800,800,800,800,799,800,800,800,800,800,800,9.523809432983398,15.789472579956055,0,100,20,20,20,0,20,0,0,0,15457.761413574219,4096,686,32578,67,92,221688.2993774414,173327.50079345703,2838.7508544921875,16408723456,4294963200,3822333952,114688
200,1772065275207,800,800,800,800,800,799,800,800,800,800,800,800,5,15.000000953674316,0,100,0,15.000000953674316,15.000000953674316,0,15.000000953674316,0,15.000000953674316,0,15457.911376953125,4096,686,31693,67,87,221693.07037353516,173331.73046875,2838.7508544921875,16408723456,4294963200,3816914944,114688
200,1772065275408,800,800,800,800,800,799,800,800,800,800,800,800,5.263157844543457,20,0,100,0,15.789472579956055,20,0,20,0,20,0,15458.0576171875,4096,686,32791,67,92,221698.0626220703,173336.11895751953,2838.7508544921875,16408723456,4294963200,3817947136,114688
200,1772065275608,800,800,800,800,800,799,800,800,800,800,800,800,5,14.285715103149414,0,100,0,14.285715103149414,10,0,10.526315689086914,4.761904716491699,15.000000953674316,0,15458.204711914063,4096,686,31443,67,88,221702.76922607422,173340.25036621094,2838.7508544921875,16408723456,4294963200,3814498304,114688
200,1772065275808,800,800,800,800,800,799,800,800,800,800,800,800,10,21.052631378173828,0,100,0,21.052631378173828,25,0,23.809524536132813,0,23.809524536132813,0,15458.355895996094,4096,686,32829,67,90,221707.83630371094,173344.75653076172,2838.7508544921875,16408723456,4294963200,3814252544,114688
200,1772065276008,800,800,800,800,800,799,800,800,800,800,800,800,9.523809432983398,14.285715103149414,0,100,0,14.285715103149414,10,0,15.000000953674316,0,15.000000953674316,0,15458.502563476563,4096,686,31644,67,89,221712.39068603516,173348.7523803711,2838.7508544921875,16408723456,4294963200,3812732928,114688
200,1772065276208,800,800,800,800,800,799,800,800,800,800,800,800,5,21.052631378173828,0,100,0,20,21.052631378173828,0,20,0,20,0,15458.652709960938,4096,686,33345,67,91,221717.36267089844,173353.1646118164,2838.7508544921875,16408723456,4294963200,3813724160,114688
200,1772065276408,800,800,800,800,800,799,800,800,800,800,800,800,5.263157844543457,14.285715103149414,0,100,0,15.000000953674316,14.285715103149414,0,15.000000953674316,0,10.526315689086914,0,15458.799377441406,4096,686,30388,67,90,221722.01220703125,173357.2544555664,2838.7508544921875,16408723456,4294963200,3813466112,114688
199,1772065276608,800,800,800,800,800,799,800,800,800,800,800,800,5,21.052631378173828,0,100,0,20,20,0,20,0,23.809524536132813,0,15458.948669433594,4096,686,32783,67,89,221727.0186767578,173361.70123291016,2838.7508544921875,16408723456,4294963200,3811155968,114688
200,1772065276808,800,800,800,800,800,799,800,800,800,800,800,800,5,14.285715103149414,0,100,0,15.000000953674316,15.000000953674316,0,15.000000953674316,0,10.526315689086914,0,15459.09619140625,4096,686,30122,67,91,221731.70501708984,173365.83038330078,2838.7508544921875,16408723456,4294963200,3814768640,114688
200,1772065277008,800,800,800,800,800,799,800,800,800,800,800,800,10,15.000000953674316,0,100,0,20,20,0,20,10,23.809524536132813,0,15459.247497558594,4096,686,32484,67,88,221736.79357910156,173370.35388183594,2838.7508544921875,16408723456,4294963200,3810000896,114688
200,1772065277208,800,800,800,800,800,799,800,800,800,800,800,800,5,0,0,100,0,15.000000953674316,15.000000953674316,0,15.000000953674316,10,10.526315689086914,0,15459.394714355469,4096,686,30312,67,90,221741.38598632813,173374.38916015625,2838.7508544921875,16408723456,4294963200,3816976384,114688
200,1772065277408,800,800,800,800,800,799,800,800,800,800,800,800,9.523809432983398,0,0,100,0,20,20,0,20,21.052631378173828,20,0,15459.54541015625,4096,686,32707,67,89,221746.54522705078,173378.98315429688,2838.7508544921875,16408723456,4294963200,3809165312,114688
200,1772065277609,800,800,800,800,800,799,800,800,800,800,800,800,5.263157844543457,0,0,100,0,15.000000953674316,15.000000953674316,0,14.285715103149414,14.285715103149414,15.000000953674316,0,15459.6904296875,4096,686,31997,67,91,221751.18688964844,173383.07165527344,2838.7508544921875,16408723456,4294963200,3809165312,114688
200,1772065277809,800,800,800,800,800,799,800,800,800,800,800,800,10,0,0,100,0,20,20,0,21.052631378173828,20,20,0,15459.840942382813,4096,686,32478,67,89,221756.31225585938,173387.62811279297,2838.7508544921875,16408723456,4294963200,3809165312,114688
200,1772065278009,800,800,800,800,800,799,800,800,800,800,800,800,5,0,0,100,5,15.000000953674316,15.000000953674316,0,14.285715103149414,15.000000953674316,9.523809432983398,0,15459.985290527344,4096,686,31663,67,94,221760.93579101563,173391.67901611328,2838.7508544921875,16408723456,4294963200,3809181696,114688
200,1772065278209,800,800,800,800,800,799,800,800,800,800,800,800,5,0,0,100,20,23.809524536132813,20,0,20,20,0,0,15460.136535644531,4096,686,33023,67,89,221766.0675048828,173396.24871826172,2838.7508544921875,16408723456,4294963200,3798323200,114688
200,1772065278409,800,800,800,800,800,799,800,800,800,800,800,800,5,0,0,100,15.000000953674316,10.526315689086914,15.000000953674316,0,10.526315689086914,15.000000953674316,0,0,15460.281921386719,4096,686,31241,67,92,221770.7353515625,173400.35955810547,2838.7508544921875,16408723456,4294963200,3809935360,114688
200,1772065278609,800,800,800,800,800,799,800,800,800,800,800,800,10,0,0,100,20,20,20,0,20,20,0,0,15460.43115234375,4096,686,33249,67,89,221775.8067626953,173404.86920166016,2838.7508544921875,16408723456,4294963200,3806359552,114688
200,1772065278809,800,800,800,800,800,799,800,800,800,800,800,800,5,0,0,100,15.000000953674316,15.000000953674316,15.000000953674316,0,15.000000953674316,15.000000953674316,0,0,15460.577453613281,4096,686,30337,67,92,221780.4517211914,173408.9549560547,2838.7508544921875,16408723456,4294963200,3809456128,114688
200,1772065279009,800,800,800,800,800,799,800,800,800,800,800,800,5,5.263157844543457,0,100,20,20,20,0,20,15.000000953674316,0,0,15460.728759765625,4096,686,32119,67,87,221785.53955078125,173413.48077392578,2838.7508544921875,16408723456,4294963200,3809271808,114688
200,1772065279209,800,800,800,800,800,799,800,800,800,800,800,800,10,15.000000953674316,0,65,15.000000953674316,15.000000953674316,15.000000953674316,35,15.000000953674316,0,0,0,15460.873901367188,4096,686,30409,67,92,221790.1870727539,173417.57049560547,2838.7508544921875,16408723456,4294963200,3809271808,114688
200,1772065279409,800,800,800,800,800,799,800,800,800,800,800,800,5.263157844543457,20,0,0,20,20,20,100,20,0,0,0,15461.0234375,4096,686,32241,67,89,221795.33416748047,173422.15557861328,2838.7508544921875,16408723456,4294963200,3810631680,114688
200,1772065279610,800,800,800,800,800,799,800,800,800,800,800,800,9.523809432983398,15.000000953674316,0,0,10.526315689086914,15.000000953674316,10.526315689086914,100,15.000000953674316,0,0,0,15461.168701171875,4096,686,30997,67,92,221799.9619140625,173426.22607421875,2838.7508544921875,16408723456,4294963200,3810631680,114688
200,1772065279810,800,800,800,800,800,799,800,800,800,800,800,800,5,20,0,0,23.809524536132813,20,23.809524536132813,100,20,0,0,0,15461.3203125,4096,686,32715,67,88,221805.02630615234,173430.69873046875,2838.7508544921875,16408723456,4294963200,3810623488,114688
200,1772065280010,800,800,800,800,800,799,800,800,800,800,800,800,9.523809432983398,15.000000953674316,0,0,10.526315689086914,15.000000953674316,10.526315689086914,100,15.000000953674316,0,0,0,15461.466979980469,4096,686,32064,67,91,221809.6785888672,173434.77575683594,2838.7508544921875,16408723456,4294963200,3810496512,114688
200,1772065280210,800,800,800,800,800,799,800,800,800,800,800,800,5.263157844543457,20,20,0,23.809524536132813,20,4.761904716491699,100,20,0,0,0,15461.616821289063,4096,686,32927,67,90,221814.6449584961,173439.18170166016,2838.7508544921875,16408723456,4294963200,3810496512,114688
200,1772065280410,800,800,800,800,800,799,800,800,800,800,800,800,5,14.285715103149414,10,0,10,15.000000953674316,0,100,19.047618865966797,0,0,0,15461.764709472656,4096,686,32675,67,89,221819.33282470703,173443.2876586914,2838.7508544921875,16408723456,4294963200,3811389440,114688
200,1772065280610,800,800,800,800,800,799,800,800,800,800,800,800,5.263157844543457,21.052631378173828,21.052631378173828,0,21.052631378173828,20,0,100,20,0,0,0,15461.916076660156,4096,686,32101,67,89,221824.45263671875,173447.84436035156,2838.7508544921875,16408723456,4294963200,3811905536,114688
200,1772065280810,800,800,800,800,800,799,800,800,800,800,800,800,5,14.285715103149414,14.285715103149414,0,14.285715103149414,15.000000953674316,0,100,15.000000953674316,0,0,0,15462.064147949219,4096,686,32449,67,90,221829.01055908203,173451.84326171875,2838.7508544921875,16408723456,4294963200,3813965824,114688
200,1772065281010,800,800,800,800,800,799,800,800,800,800,800,800,10,21.052631378173828,21.052631378173828,0,21.052631378173828,20,0,100,20,0,0,0,15462.215759277344,4096,686,32008,67,90,221834.15618896484,173456.42474365234,2838.7508544921875,16408723456,4294963200,3812487168,114688
200,1772065281210,800,800,800,800,800,799,800,800,800,800,800,800,9.523809432983398,14.285715103149414,14.285715103149414,0,14.285715103149414,14.285715103149414,0,100,15.000000953674316,0,0,0,15462.359375,4096,686,32571,67,90,221838.77947998047,173460.49237060547,2838.7508544921875,16408723456,4294963200,3813003264,114688
200,1772065281410,800,800,800,800,800,799,800,800,800,800,800,800,5,21.052631378173828,25,0,21.052631378173828,21.052631378173828,0,100,20,0,0,4.761904716491699,15462.511352539063,4096,686,31464,67,89,221843.93579101563,173465.0853881836,2838.7508544921875,16408723456,4294963200,3809062912,114688
200,1772065281610,800,800,800,800,800,799,800,800,800,800,800,800,5.263157844543457,14.285715103149414,14.285715103149414,0,14.285715103149414,14.285715103149414,0,100,15.000000953674316,0,0,0,15462.654846191406,4096,686,32964,67,91,221848.54248046875,173469.1382446289,2838.7508544921875,16408723456,4294963200,3809062912,114688
200,1772065281811,800,800,800,800,800,799,800,800,800,800,800,800,5,21.052631378173828,20,0,20,21.052631378173828,0,100,20,0,0,0,15462.806884765625,4096,686,31779,67,89,221853.74005126953,173473.7705078125,2838.7508544921875,16408723456,4294963200,3808804864,114688
200,1772065282011,800,800,800,800,800,799,800,800,800,800,800,800,5,14.285715103149414,15.000000953674316,0,15.000000953674316,14.285715103149414,0,100,15.000000953674316,0,0,0,15462.950927734375,4096,686,32858,67,92,221858.36846923828,173477.82360839844,2838.7508544921875,16408723456,4294963200,3801460736,114688
200,1772065282211,800,800,800,800,800,799,800,800,800,800,800,800,14.285715103149414,20,20,0,20,20,0,100,20,0,0,0,15463.09912109375,4096,686,31103,67,89,221863.5210571289,173482.41680908203,2838.7508544921875,16408723456,4294963200,3794538496,114688
200,1772065282411,800,800,800,800,800,799,800,800,800,800,800,800,5,15.000000953674316,15.000000953674316,0,15.000000953674316,15.000000953674316,0,100,14.285715103149414,0,0,0,15463.24365234375,4096,686,32829,67,93,221868.17779541016,173486.51495361328,2838.7508544921875,16408723456,4294963200,3808018432,114688
200,1772065282611,800,800,800,800,800,799,800,800,800,800,800,800,10,20,20,0,23.809524536132813,20,0,100,21.052631378173828,0,0,0,15463.39501953125,4096,686,30316,67,88,221873.36016845703,173491.13494873047,2838.7508544921875,16408723456,4294963200,3813953536,114688
200,1772065282811,800,800,800,800,800,799,800,800,800,800,800,800,0,15.000000953674316,15.000000953674316,0,15.000000953674316,10.526315689086914,0,100,14.285715103149414,0,0,0,15463.542419433594,4096,686,32724,67,91,221878.02276611328,173495.23919677734,2838.7508544921875,16408723456,4294963200,3813953536,114688
200,1772065283011,800,800,800,800,800,799,800,800,800,800,800,800,5.263157844543457,15.000000953674316,20,0,20,23.809524536132813,0,100,21.052631378173828,5,0,0,15463.69482421875,4096,686,30098,67,87,221883.2103881836,173499.8624267578,2838.7508544921875,16408723456,4294963200,3813724160,114688
200,1772065283211,800,800,800,800,800,799,800,800,800,800,800,800,5,0,15.000000953674316,0,15.000000953674316,10.526315689086914,0,100,14.285715103149414,15.000000953674316,0,0,15463.840881347656,4096,686,32474,67,92,221887.81408691406,173503.9090576172,2838.7508544921875,16408723456,4294963200,3814756352,114688
200,1772065283411,800,800,800,800,800,799,800,800,800,800,800,800,13.636363983154297,0,20,0,20,23.809524536132813,0,100,21.052631378173828,20,0,0,15463.993408203125,4096,686,30122,67,88,221893.03155517578,173508.56127929688,2838.7508544921875,16408723456,4294963200,3816747008,114688
200,1772065283611,800,800,800,800,800,799,800,800,800,800,800,800,5,0,15.000000953674316,0,15.000000953674316,10.526315689086914,0,100,10,15.000000953674316,0,0,15464.139282226563,4096,686,32160,67,92,221897.6206665039,173512.59375,2838.7508544921875,16408723456,4294963200,3816742912,114688
200,1772065283812,800,800,800,800,800,799,800,800,800,800,800,800,5.263157844543457,0,20,0,20,23.809524536132813,0,100,25,20,0,0,15464.290100097656,4096,686,30069,67,88,221902.8325805664,173517.26733398438,2838.7508544921875,16408723456,4294963200,3814174720,114688
200,1772065284012,800,800,800,800,800,799,800,800,800,800,800,800,5,0,15.000000953674316,0,5,10.526315689086914,0,100,10,14.285715103149414,5,0,15464.432922363281,4096,686,32201,67,91,221907.4227294922,173521.2772216797,2838.7508544921875,16408723456,4294963200,3814674432,114688
200,1772065284212,800,800,800,800,800,799,800,800,800,800,800,800,9.523809432983398,0,20,40,0,20,0,60.000003814697266,23.809524536132813,21.052631378173828,20,0,15464.581909179688,4096,686,30944,67,88,221912.4959716797,173525.81829833984,2838.7508544921875,16408723456,4294963200,3814912000,114688
200,1772065284412,800,800,800,800,800,799,800,800,800,800,800,800,5.263157844543457,0,10.526315689086914,100,0,15.000000953674316,0,0,10.526315689086914,14.285715103149414,15.000000953674316,0,15464.728271484375,4096,686,32935,67,94,221917.13995361328,173529.84295654297,2838.7508544921875,16408723456,4294963200,3814912000,114688
200,1772065284612,800,800,800,800,800,799,800,800,800,800,800,800,9.523809432983398,0,23.809524536132813,100,0,20,0,0,20,20,20,0,15464.879943847656,4096,686,31836,67,89,221922.34295654297,173534.4766845703,2838.7508544921875,16408723456,4294963200,3816243200,114688
200,1772065284812,800,800,800,800,800,799,800,800,800,800,800,800,5.263157844543457,0,10.526315689086914,100,0,15.000000953674316,0,0,15.000000953674316,10.526315689086914,15.000000953674316,0,15465.02392578125,4096,686,32824,67,91,221926.8529663086,173538.42547607422,2838.7508544921875,16408723456,4294963200,3819401216,114688
200,1772065285012,800,800,800,800,800,799,800,800,800,800,800,800,5,5,20,100,9.523809432983398,20,0,0,20,15.789472579956055,10,0,15465.176208496094,4096,686,32721,67,88,221932.06408691406,173543.05474853516,2838.7508544921875,16408723456,4294963200,3817254912,114688
200,1772065285212,800,800,800,800,800,799,800,800,800,800,800,800,5,15.000000953674316,15.000000953674316,100,10.526315689086914,15.000000953674316,0,0,15.000000953674316,0,0,0,15465.321350097656,4096,686,32530,68,91,221936.6376953125,173547.0619506836,2838.7508544921875,16408723456,4294963200,3813814272,114688
200,1772065285412,800,800,800,800,800,799,800,800,800,800,800,800,5.263157844543457,15.000000953674316,20,100,19.047618865966797,19.047618865966797,0,0,20,0,0,0,15465.472595214844,4096,686,32512,68,89,221941.7344970703,173551.61193847656,2838.7508544921875,16408723456,4294963200,3826176000,114688
200,1772065285612,800,800,800,800,800,799,800,800,800,800,800,800,5,19.047618865966797,15.000000953674316,100,15.789472579956055,20,0,0,15.000000953674316,0,0,0,15465.6181640625,4096,686,32238,68,90,221946.45654296875,173555.7572631836,2838.7508544921875,16408723456,4294963200,3813822464,114688
200,1772065285812,800,800,800,800,800,799,800,800,800,800,800,800,10,20,15.000000953674316,100,15.000000953674316,15.000000953674316,0,0,15.000000953674316,0,0,0,15465.767883300781,4096,686,30021,68,90,221951.28540039063,173560.04541015625,2838.7508544921875,16408723456,4294963200,3811360768,114688
200,1772065286012,800,800,800,800,800,799,800,800,800,800,800,800,9.523809432983398,15.000000953674316,20,100,20,19.047618865966797,0,0,20,0,0,0,15465.914489746094,4096,686,32378,68,90,221956.158203125,173564.34100341797,2838.7508544921875,16408723456,4294963200,3812741120,114688
200,1772065286212,800,800,800,800,800,799,800,800,800,800,800,800,5,15.000000953674316,15.000000953674316,100,0,10.526315689086914,0,0,15.000000953674316,0,19.047618865966797,0,15466.063903808594,4096,686,30185,68,89,221960.9305419922,173568.58087158203,2838.7508544921875,16408723456,4294963200,3806490624,114688
200,1772065286413,800,800,800,800,800,799,800,800,800,800,800,800,5.263157844543457,20,23.809524536132813,78.94737243652344,0,20,0,20,20,4.761904716491699,20,0,15466.208557128906,4096,686,32289,68,91,221965.96325683594,173573.0242919922,2838.7508544921875,16408723456,4294963200,3811741696,114688
200,1772065286613,800,800,800,800,800,799,800,800,800,800,800,800,5,15.000000953674316,10,0,0,15.000000953674316,0,100,15.000000953674316,0,15.000000953674316,0,15466.35498046875,4096,686,30013,67,90,221970.63317871094,173577.13446044922,2838.7508544921875,16408723456,4294963200,3813806080,114688
200,1772065286813,800,800,800,800,800,799,800,800,800,800,800,800,9.523809432983398,20,25,0,0,20,0,100,20,0,20,0,15466.505065917969,4096,686,31865,67,90,221975.61987304688,173581.54138183594,2838.7508544921875,16408723456,4294963200,3813720064,114688
200,1772065287013,800,800,800,800,800,799,800,800,800,800,800,800,10,15.000000953674316,10,0,0,10.526315689086914,0,100,10.526315689086914,0,10.526315689086914,0,15466.651123046875,4096,686,30101,67,89,221980.2587890625,173585.62182617188,2838.7508544921875,16408723456,4294963200,3805650944,114688
200,1772065287213,800,800,800,800,800,799,800,800,800,800,800,800,5,20,0,0,0,23.809524536132813,20,100,23.809524536132813,0,23.809524536132813,0,15466.803771972656,4096,686,32137,67,91,221985.31182861328,173590.11206054688,2838.7508544921875,16408723456,4294963200,3809845248,114688
200,1772065287413,800,800,800,800,800,799,800,800,800,800,800,800,5.263157844543457,15.000000953674316,0,0,0,10.526315689086914,15.000000953674316,100,10,0,10.526315689086914,0,15466.947265625,4096,686,30082,67,89,221989.9285888672,173594.17193603516,2838.7508544921875,16408723456,4294963200,3808575488,114688
200,1772065287613,800,800,800,800,800,799,800,800,800,800,800,800,9.523809432983398,20,0,0,0,23.809524536132813,20,100,21.052631378173828,0,20,0,15467.095764160156,4096,686,32148,68,92,221995.06231689453,173598.74249267578,2838.7508544921875,16408723456,4294963200,3808575488,114688
200,1772065287813,800,800,800,800,800,799,800,800,800,800,800,800,5.263157844543457,15.000000953674316,0,0,0,10.526315689086914,15.000000953674316,100,14.285715103149414,0,15.000000953674316,0,15467.23828125,4096,686,30572,68,90,221999.669921875,173602.79498291016,2838.7508544921875,16408723456,4294963200,3805016064,114688
200,1772065288013,800,800,800,800,800,799,800,800,800,800,800,800,9.523809432983398,15.000000953674316,0,0,0,20,23.809524536132813,100,20,5,20,0,15467.389282226563,4096,686,32626,68,89,222004.8240966797,173607.38610839844,2838.7508544921875,16408723456,4294963200,3812851712,114688
200,1772065288213,800,800,800,800,800,799,800,800,800,800,800,800,5,0,0,0,0,15.000000953674316,15.000000953674316,100,15.000000953674316,10.526315689086914,15.000000953674316,0,15467.535034179688,4096,686,31026,68,91,222009.4432373047,173611.45086669922,2838.7508544921875,16408723456,4294963200,3812163584,114688
199,1772065288414,800,800,800,800,800,799,800,800,800,800,800,800,5.263157844543457,0,0,0,0,20,20,100,20,23.809524536132813,20,0,15467.6875,4096,686,32247,68,87,222014.65747070313,173616.09857177734,2838.7508544921875,16408723456,4294963200,3812163584,114688
200,1772065288614,800,800,800,800,800,799,800,800,800,800,800,800,5,0,0,0,0,15.000000953674316,10.526315689086914,100,15.000000953674316,14.285715103149414,15.000000953674316,0,15467.832824707031,4096,686,31304,68,92,222019.27838134766,173620.16033935547,2838.7508544921875,16408723456,4294963200,3806408704,114688
200,1772065288814,800,800,800,800,800,799,800,800,800,800,800,800,9.523809432983398,0,0,0,0,23.809524536132813,23.809524536132813,100,20,21.052631378173828,20,0,15467.984802246094,4096,686,32726,68,88,222024.41455078125,173624.73052978516,2838.7508544921875,16408723456,4294963200,3807469568,114688
200,1772065289014,800,800,800,800,800,799,800,800,800,800,800,800,5.263157844543457,0,0,0,5.263157844543457,15.000000953674316,10.526315689086914,100,19.047618865966797,14.285715103149414,9.523809432983398,0,15468.131164550781,4096,686,31620,68,91,222029.0557861328,173628.79754638672,2838.7508544921875,16408723456,4294963200,3812982784,114688
200,1772065289214,800,800,800,800,800,799,800,800,800,800,800,800,9.523809432983398,0,0,0,20,20,20,100,20,21.052631378173828,0,0,15468.281494140625,4096,686,32843,67,88,222034.27117919922,173633.45111083984,2838.7508544921875,16408723456,4294963200,3806208000,114688
200,1772065289414,800,800,800,800,800,799,800,800,800,800,800,800,5.263157844543457,0,0,0,15.000000953674316,10.526315689086914,15.000000953674316,100,10.526315689086914,14.285715103149414,0,0,15468.426940917969,4096,686,32042,67,92,222038.86309814453,173637.4849243164,2838.7508544921875,16408723456,4294963200,3806273536,114688
200,1772065289614,800,800,800,800,800,799,800,800,800,800,800,800,5,0,0,0,20,23.809524536132813,20,100,23.809524536132813,20,0,0,15468.576110839844,4096,686,32498,68,89,222044.03479003906,173642.0928955078,2838.7508544921875,16408723456,4294963200,3809370112,114688
200,1772065289814,800,800,800,800,800,799,800,800,800,800,800,800,5,0,0,0,15.000000953674316,10.526315689086914,15.000000953674316,100,10.526315689086914,15.000000953674316,0,0,15468.72119140625,4096,686,32743,68,93,222048.5601196289,173646.06268310547,2838.7508544921875,16408723456,4294963200,3809370112,114688
200,1772065290014,800,800,800,800,800,799,800,800,800,800,800,800,5.263157844543457,0,0,0,14.285715103149414,23.809524536132813,20,100,20,20,10,0,15468.874816894531,4096,686,31834,68,88,222053.84576416016,173650.7833251953,2838.7508544921875,16408723456,4294963200,3822604288,114688
200,1772065290214,800,800,800,800,800,799,800,800,800,800,800,800,13.636363983154297,0,0,0,10.526315689086914,10.526315689086914,15.000000953674316,100,15.000000953674316,15.000000953674316,0,0,15469.020751953125,4096,686,32540,68,91,222058.45581054688,173654.8076171875,2838.7508544921875,16408723456,4294963200,3810832384,114688
200,1772065290414,800,800,800,800,800,799,800,800,800,800,800,800,5,0,0,0,23.809524536132813,19.047618865966797,20,100,20,20,0,0,15469.171447753906,4096,686,31930,68,87,222063.5874633789,173659.39849853516,2838.7508544921875,16408723456,4294963200,3806818304,114688
199,1772065290615,800,800,800,800,800,799,800,800,800,800,800,800,5.263157844543457,0,0,0,15.000000953674316,15.000000953674316,15.000000953674316,100,15.000000953674316,15.000000953674316,0,0,15469.315185546875,4096,686,33222,68,93,222068.23455810547,173663.4659423828,2838.7508544921875,16408723456,4294963200,3806818304,114688
200,1772065290815,800,800,800,800,800,799,800,800,800,800,800,800,5,0,0,0,19.047618865966797,20,19.047618865966797,100,20,20,0,0,15469.466857910156,4096,686,31688,68,89,222073.20629882813,173667.90496826172,2838.7508544921875,16408723456,4294963200,3811463168,114688
200,1772065291015,800,800,800,800,800,799,800,800,800,800,800,800,5,0,0,0,15.789472579956055,15.000000953674316,15.789472579956055,100,15.000000953674316,15.000000953674316,0,0,15469.613586425781,4096,686,33272,68,92,222077.89770507813,173672.0057373047,2838.7508544921875,16408723456,4294963200,3811307520,114688
199,1772065291215,800,800,800,800,800,799,800,800,800,800,800,800,5.263157844543457,0,0,0,15.789472579956055,20,15.000000953674316,100,15.789472579956055,15.789472579956055,0,0,15469.764221191406,4096,686,31372,68,88,222083.02764892578,173676.55627441406,2838.7508544921875,16408723456,4294963200,3813183488,114688
200,1772065291415,800,800,800,800,800,799,800,800,800,800,800,800,9.523809432983398,0,0,0,19.047618865966797,15.000000953674316,19.047618865966797,100,15.000000953674316,15.000000953674316,0,0,15469.908142089844,4096,686,32707,68,91,222087.65502929688,173680.62298583984,2838.7508544921875,16408723456,4294963200,3801677824,114688
199,1772065291615,800,800,800,800,800,799,800,800,800,800,800,800,9.523809432983398,0,0,0,15.000000953674316,15.789472579956055,15.789472579956055,100,19.047618865966797,19.047618865966797,0,0,15470.058776855469,4096,686,30378,68,89,222092.70471191406,173685.11352539063,2838.7508544921875,16408723456,4294963200,3808403456,114688
200,1772065291815,800,800,800,800,800,799,800,800,800,800,800,800,5.263157844543457,0,0,0,15.000000953674316,19.047618865966797,15.000000953674316,100,15.789472579956055,15.789472579956055,0,0,15470.204406738281,4096,686,32531,68,91,222097.3999633789,173689.24530029297,2838.7508544921875,16408723456,4294963200,3808399360,114688
200,1772065292015,800,800,800,800,800,799,800,800,800,800,800,800,10,0,0,0,20,15.000000953674316,20,100,15.000000953674316,15.000000953674316,0,0,15470.351440429688,4096,686,30317,68,89,222102.34588623047,173693.63653564453,2838.7508544921875,16408723456,4294963200,3806801920,114688
200,1772065292215,800,800,800,800,800,799,800,800,800,800,800,800,5,0,0,0,15.000000953674316,15.789472579956055,15.000000953674316,100,20,19.047618865966797,0,0,15470.498291015625,4096,686,32414,68,92,222107.087890625,173697.8109741211,2838.7508544921875,16408723456,4294963200,3809124352,114688
200,1772065292415,800,800,800,800,800,799,800,800,800,800,800,800,10,0,0,0,15.000000953674316,15.000000953674316,15.000000953674316,100,15.000000953674316,15.000000953674316,0,0,15470.648376464844,4096,686,30559,68,90,222111.89782714844,173702.07446289063,2838.7508544921875,16408723456,4294963200,3809124352,114688
200,1772065292615,800,800,800,800,800,799,800,800,800,800,800,800,5,0,0,0,20,20,20,100,19.047618865966797,20,0,0,15470.794921875,4096,686,32456,68,89,222116.7894897461,173706.3917236328,2838.7508544921875,16408723456,4294963200,3809124352,114688
200,1772065292815,800,800,800,800,800,799,800,800,800,800,800,800,9.523809432983398,0,0,0,15.000000953674316,15.000000953674316,15.000000953674316,100,20,15.000000953674316,0,0,15470.941528320313,4096,686,31835,68,92,222121.62603759766,173710.6869506836,2838.7508544921875,16408723456,4294963200,3806920704,114688
200,1772065293015,800,800,800,800,800,799,800,800,800,800,800,800,5.263157844543457,5.263157844543457,5,0,15.789472579956055,20,15.000000953674316,100,19.047618865966797,10.526315689086914,0,0,15471.088134765625,4096,686,32788,68,88,222126.50494384766,173714.98767089844,2838.7508544921875,16408723456,4294963200,3810172928,114688
200,1772065293215,800,800,800,800,800,799,800,800,800,800,800,800,10,15.000000953674316,15.000000953674316,0,19.047618865966797,15.000000953674316,0,100,15.789472579956055,0,0,0,15471.2373046875,4096,686,31961,68,92,222131.32318115234,173719.26611328125,2838.7508544921875,16408723456,4294963200,3805847552,114688
200,1772065293416,800,800,800,800,800,799,800,800,800,800,800,800,5,20,20,0,15.789472579956055,23.809524536132813,0,100,19.047618865966797,0,0,0,15471.380859375,4096,686,32826,68,89,222136.15521240234,173723.5185546875,2838.7508544921875,16408723456,4294963200,3809443840,114688
200,1772065293616,800,800,800,800,800,799,800,800,800,800,800,800,5,15.000000953674316,15.000000953674316,0,15.000000953674316,15.000000953674316,0,100,15.000000953674316,0,0,0,15471.531066894531,4096,686,30357,68,92,222140.96221923828,173727.79364013672,2838.7508544921875,16408723456,4294963200,3812605952,114688
200,1772065293816,800,800,800,800,800,799,800,800,800,800,800,800,5.263157844543457,20,20,0,20,15.789472579956055,0,100,15.789472579956055,0,0,0,15471.677368164063,4096,686,32200,68,88,222145.88671875,173732.12915039063,2838.7508544921875,16408723456,4294963200,3813314560,114688
200,1772065294016,800,800,800,800,800,799,800,800,800,800,800,800,9.523809432983398,10,10.526315689086914,0,15.000000953674316,14.285715103149414,0,100,15.000000953674316,0,0,0,15471.823669433594,4096,686,30240,68,92,222150.58850097656,173736.25115966797,2838.7508544921875,16408723456,4294963200,3811311616,114688
200,1772065294216,800,800,800,800,800,799,800,800,800,800,800,800,5,21.052631378173828,20,0,23.809524536132813,20,0,100,20,0,0,0,15471.972473144531,4096,686,32197,68,88,222155.6304321289,173740.73260498047,2838.7508544921875,16408723456,4294963200,3801579520,114688
200,1772065294416,800,800,800,800,800,799,800,800,800,800,800,800,5.263157844543457,14.285715103149414,15.000000953674316,4.761904716491699,15.000000953674316,15.000000953674316,10.526315689086914,100,15.000000953674316,60.000003814697266,0,5,15472.143859863281,4096,686,30540,68,93,222162.54614257813,173747.07946777344,2838.7508544921875,16408723456,4294963200,3850092544,114688
200,1772065294616,800,800,800,800,800,799,800,800,800,800,800,800,9.523809432983398,0,23.809524536132813,0,20,21.052631378173828,23.809524536132813,100,23.809524536132813,0,0,0,15472.295715332031,4096,686,31980,68,87,222167.36614990234,173751.33624267578,2838.7508544921875,16408723456,4294963200,3850346496,114688
200,1772065294816,800,800,800,800,800,799,800,800,800,800,800,800,10,15.000000953674316,10.526315689086914,0,15.000000953674316,14.285715103149414,0,100,10.526315689086914,0,0,0,15472.441833496094,4096,686,30676,68,91,222172.06964111328,173755.48175048828,2838.7508544921875,16408723456,4294963200,3842486272,114688
200,1772065295016,800,800,800,800,800,799,800,800,800,800,800,800,5,20,23.809524536132813,0,20,20,0,100,20,0,0,0,15472.59130859375,4096,686,32676,68,89,222177.14031982422,173759.98889160156,2838.7508544921875,16408723456,4294963200,3844448256,114688
200,1772065295216,800,800,800,800,800,799,800,800,800,800,800,800,10,15.000000953674316,10.526315689086914,36.842105865478516,15.000000953674316,15.000000953674316,0,60.000003814697266,15.000000953674316,0,0,0,15472.735534667969,4096,686,30539,68,93,222181.77825927734,173764.04614257813,2838.7508544921875,16408723456,4294963200,3844448256,114688
200,1772065295416,800,800,800,800,800,799,800,800,800,800,800,800,5,20,20,100,20,20,0,0,20,0,0,0,15472.889038085938,4096,686,32249,68,88,222187.01916503906,173768.69622802734,2838.7508544921875,16408723456,4294963200,3848577024,114688
200,1772065295616,800,800,800,800,800,799,800,800,800,800,800,800,5,15.000000953674316,15.000000953674316,100,15.000000953674316,15.000000953674316,0,0,15.000000953674316,0,0,0,15473.034240722656,4096,686,30368,68,92,222191.62200927734,173772.7440185547,2838.7508544921875,16408723456,4294963200,3836579840,114688
200,1772065295817,800,800,800,800,800,799,800,800,800,800,800,800,5,20,23.809524536132813,100,20,20,0,0,20,0,0,0,15473.183715820313,4096,686,32690,68,89,222196.7689819336,173777.32568359375,2838.7508544921875,16408723456,4294963200,3835068416,114688
200,1772065296017,800,800,800,800,800,799,800,800,800,800,800,800,5.263157844543457,15.000000953674316,15.000000953674316,100,10.526315689086914,10.526315689086914,0,0,15.000000953674316,0,0,0,15473.328857421875,4096,686,30947,68,92,222201.41577148438,173781.41571044922,2838.7508544921875,16408723456,4294963200,3841396736,114688
200,1772065296217,800,800,800,800,800,799,800,800,800,800,800,800,9.523809432983398,0,20,100,20,23.809524536132813,0,0,20,23.809524536132813,0,0,15473.480102539063,4096,686,33120,68,89,222206.48236083984,173785.89752197266,2838.7508544921875,16408723456,4294963200,3840192512,114688
200,1772065296417,800,800,800,800,800,799,800,800,800,800,800,800,10,0,15.000000953674316,100,15.000000953674316,10.526315689086914,0,0,15.000000953674316,10.526315689086914,0,0,15473.625671386719,4096,686,31752,68,92,222211.08325195313,173789.94201660156,2838.7508544921875,16408723456,4294963200,3843031040,114688
200,1772065296617,800,800,800,800,800,799,800,800,800,800,800,800,5,0,20,100,20,23.809524536132813,0,0,20,23.809524536132813,0,0,15473.777465820313,4096,686,32356,68,90,222216.2260131836,173794.52172851563,2838.7508544921875,16408723456,4294963200,3843031040,114688
200,1772065296817,800,800,800,800,800,799,800,800,800,800,800,800,5.263157844543457,0,15.000000953674316,100,15.000000953674316,10.526315689086914,0,0,14.285715103149414,10.526315689086914,0,0,15473.923706054688,4096,686,32057,68,91,222220.84716796875,173798.58447265625,2838.7508544921875,16408723456,4294963200,3843031040,114688
200,1772065297017,800,800,800,800,800,799,800,800,800,800,800,800,5,0,15.000000953674316,100,20,20,5,0,21.052631378173828,23.809524536132813,0,0,15474.075134277344,4096,686,32259,68,89,222226.02740478516,173803.20050048828,2838.7508544921875,16408723456,4294963200,3839983616,114688
200,1772065297217,800,800,800,800,800,799,800,800,800,800,800,800,5,0,0,100,15.000000953674316,15.000000953674316,15.000000953674316,0,14.285715103149414,10.526315689086914,0,0,15474.220520019531,4096,686,31815,68,91,222230.6102294922,173807.22521972656,2838.7508544921875,16408723456,4294963200,3840499712,114688
200,1772065297417,800,800,800,800,800,799,800,800,800,800,800,800,14.285715103149414,0,0,100,20,20,20,0,21.052631378173828,20,0,0,15474.37158203125,4096,686,32008,68,90,222235.8051147461,173811.85736083984,2838.7508544921875,16408723456,4294963200,3840237568,114688
200,1772065297617,800,800,800,800,800,799,800,800,800,800,800,800,0,0,0,100,15.000000953674316,15.000000953674316,10.526315689086914,0,10,15.000000953674316,0,0,15474.517211914063,4096,686,31792,68,90,222240.38189697266,173815.87725830078,2838.7508544921875,16408723456,4294963200,3840237568,114688
200,1772065297818,800,800,800,800,800,799,800,800,800,800,800,800,9.523809432983398,0,0,100,20,20,23.809524536132813,0,20,20,0,0,15474.6689453125,4096,686,31813,68,91,222245.54614257813,173820.48583984375,2838.7508544921875,16408723456,4294963200,3840237568,114688
200,1772065298018,800,800,800,800,800,799,800,800,800,800,800,800,5.263157844543457,0,0,100,14.285715103149414,15.000000953674316,10.526315689086914,0,15.000000953674316,15.000000953674316,0,0,15474.815368652344,4096,686,31581,68,89,222250.13751220703,173824.50982666016,2838.7508544921875,16408723456,4294963200,3834777600,114688
199,1772065298218,800,800,800,800,800,799,800,800,800,800,800,800,5,0,0,100,20,15.000000953674316,22.72727394104004,0,20,15.000000953674316,0,0,15474.965942382813,4096,686,31893,68,91,222255.1103515625,173828.9522705078,2838.7508544921875,16408723456,4294963200,3823902720,114688
200,1772065298418,800,800,800,800,800,799,800,800,800,800,800,800,10,0,0,100,15.000000953674316,20,15.789472579956055,0,15.000000953674316,20,0,0,15475.112182617188,4096,686,31757,68,89,222259.9354248047,173833.16339111328,2838.7508544921875,16408723456,4294963200,3823403008,114688
200,1772065298618,800,800,800,800,800,799,800,800,800,800,800,800,9.523809432983398,0,0,100,20,15.000000953674316,19.047618865966797,0,20,15.000000953674316,0,0,15475.260070800781,4096,686,31907,68,92,222264.79809570313,173837.4659423828,2838.7508544921875,16408723456,4294963200,3829653504,114688
200,1772065298818,800,800,800,800,800,799,800,800,800,800,800,800,5,0,0,100,15.000000953674316,15.000000953674316,15.789472579956055,0,15.000000953674316,20,0,0,15475.407348632813,4096,686,32009,68,90,222269.61419677734,173841.7237548828,2838.7508544921875,16408723456,4294963200,3825672192,114688
200,1772065299018,800,800,800,800,800,799,800,800,800,800,800,800,5.263157844543457,0,0,100,15.000000953674316,15.000000953674316,14.285715103149414,0,15.000000953674316,10,0,0,15475.554138183594,4096,686,32017,68,90,222274.19061279297,173845.73931884766,2838.7508544921875,16408723456,4294963200,3828396032,114688
200,1772065299218,800,800,800,800,800,799,800,800,800,800,800,800,5,0,0,100,20,20,21.052631378173828,0,20,23.809524536132813,0,0,15475.704772949219,4096,686,31619,68,89,222279.16583251953,173850.15155029297,2838.7508544921875,16408723456,4294963200,3814473728,114688
200,1772065299418,800,800,800,800,800,799,800,800,800,800,800,800,5.263157844543457,0,0,100,15.000000953674316,15.000000953674316,14.285715103149414,0,15.000000953674316,10.526315689086914,0,0,15475.847106933594,4096,686,32812,68,90,222283.82067871094,173854.24871826172,2838.7508544921875,16408723456,4294963200,3826085888,114688
200,1772065299618,800,800,800,800,800,799,800,800,800,800,800,800,9.523809432983398,0,0,100,20,20,20,0,20,20,0,0,15475.997863769531,4096,686,32383,68,90,222288.87689208984,173858.74255371094,2838.7508544921875,16408723456,4294963200,3826085888,114688
200,1772065299818,800,800,800,800,800,799,800,800,800,800,800,800,10,0,0,100,15.000000953674316,15.000000953674316,10.526315689086914,0,15.000000953674316,15.000000953674316,0,0,15476.145812988281,4096,686,31828,68,92,222293.50567626953,173862.80963134766,2838.7508544921875,16408723456,4294963200,3822936064,114688
200,1772065300019,800,800,800,800,800,799,800,800,800,800,800,800,9.523809432983398,0,0,100,10.526315689086914,20,20,0,20,20,5.263157844543457,0,15476.29248046875,4096,686,32991,68,89,222298.59881591797,173867.34326171875,2838.7508544921875,16408723456,4294963200,3822874624,114688
200,1772065300219,800,800,800,800,800,799,800,800,800,800,800,800,5,0,0,100,0,15.000000953674316,15.000000953674316,0,10.526315689086914,15.000000953674316,14.285715103149414,0,15476.436584472656,4096,686,31854,68,92,222303.2484741211,173871.4354248047,2838.7508544921875,16408723456,4294963200,3823128576,114688
200,1772065300419,800,800,800,800,800,799,800,800,800,800,800,800,5.263157844543457,0,0,100,0,23.809524536132813,20,0,20,20,20,0,15476.587158203125,4096,686,32919,68,90,222308.38848876953,173876.0106201172,2838.7508544921875,16408723456,4294963200,3820388352,114688
200,1772065300619,800,800,800,800,800,799,800,800,800,800,800,800,5,0,0,100,0,15.000000953674316,15.000000953674316,0,14.285715103149414,14.285715103149414,15.000000953674316,0,15476.73388671875,4096,686,31997,68,88,222313.0928955078,173880.11309814453,2838.7508544921875,16408723456,4294963200,3819700224,114688
200,1772065300819,800,800,800,800,800,799,800,800,800,800,800,800,5,0,0,100,0,20,20,0,21.052631378173828,20,20,0,15476.883972167969,4096,686,33348,68,90,222318.28033447266,173884.74096679688,2838.7508544921875,16408723456,4294963200,3821342720,114688
200,1772065301019,800,800,800,800,800,799,800,800,800,800,800,800,10,0,0,100,0,15.000000953674316,15.000000953674316,0,14.285715103149414,15.000000953674316,15.000000953674316,0,15477.028625488281,4096,686,31274,68,90,222322.8265991211,173888.72882080078,2838.7508544921875,16408723456,4294963200,3823890432,114688
200,1772065301219,800,800,800,800,800,799,800,800,800,800,800,800,5,0,0,100,0,20,20,0,21.052631378173828,20,20,0,15477.180053710938,4096,686,32387,68,92,222327.85498046875,173893.19213867188,2838.7508544921875,16408723456,4294963200,3819864064,114688
200,1772065301419,800,800,800,800,800,799,800,800,800,800,800,800,10,0,0,0,0,15.000000953674316,15.000000953674316,100,14.285715103149414,15.000000953674316,15.000000953674316,0,15477.325439453125,4096,686,31172,68,88,222332.5294189453,173897.30926513672,2838.7508544921875,16408723456,4294963200,3821158400,114688
200,1772065301619,800,800,800,800,800,799,800,800,800,800,800,800,5,0,0,0,0,20,20,100,21.052631378173828,20,20,0,15477.475952148438,4096,686,32492,68,92,222337.73583984375,173901.95043945313,2838.7508544921875,16408723456,4294963200,3821158400,114688
200,1772065301819,800,800,800,800,800,799,800,800,800,800,800,800,5,0,0,0,0,10.526315689086914,15.000000953674316,100,14.285715103149414,10.526315689086914,15.000000953674316,0,15477.62109375,4096,686,31074,68,88,222342.3656616211,173906.02368164063,2838.7508544921875,16408723456,4294963200,3823222784,114688
200,1772065302019,800,800,800,800,800,799,800,800,800,800,800,800,10,0,0,0,0,20,20,100,20,23.809524536132813,20,0,15477.770751953125,4096,686,31511,68,93,222347.50939941406,173910.603515625,2838.7508544921875,16408723456,4294963200,3819298816,114688
200,1772065302220,800,800,800,800,800,799,800,800,800,800,800,800,5,0,0,0,0,15.000000953674316,10.526315689086914,100,15.000000953674316,10.526315689086914,15.000000953674316,0,15477.914978027344,4096,686,31992,68,88,222352.11492919922,173914.65014648438,2838.7508544921875,16408723456,4294963200,3820126208,114688
200,1772065302420,800,800,800,800,800,799,800,800,800,800,800,800,5,0,0,0,0,20,20,100,20,20,20,0,15478.064331054688,4096,686,31384,68,92,222357.29614257813,173919.26873779297,2838.7508544921875,16408723456,4294963200,3814920192,114688
200,1772065302620,800,800,800,800,800,799,800,800,800,800,800,800,5,0,0,0,0,14.285715103149414,15.000000953674316,100,15.000000953674316,15.000000953674316,15.000000953674316,0,15478.209045410156,4096,686,31926,68,88,222361.88604736328,173923.30047607422,2838.7508544921875,16408723456,4294963200,3814920192,114688
199,1772065302820,800,800,800,800,800,799,800,800,800,800,800,800,5.263157844543457,0,0,0,0,21.052631378173828,20,100,20,20,20,0,15478.360046386719,4096,686,31637,68,93,222367.1143798828,173927.9994506836,2838.7508544921875,16408723456,4294963200,3816783872,114688
200,1772065303020,800,800,800,800,800,799,800,800,800,800,800,800,5,5,0,0,0,14.285715103149414,15.000000953674316,100,15.000000953674316,9.523809432983398,15.000000953674316,0,15478.507263183594,4096,686,31691,68,88,222371.7886352539,173932.06182861328,2838.7508544921875,16408723456,4294963200,3816996864,114688
200,1772065303220,800,800,800,800,800,799,800,800,800,800,800,800,10,20,0,0,0,15.789472579956055,15.000000953674316,100,19.047618865966797,0,15.000000953674316,0,15478.660949707031,4096,686,31477,68,91,222376.69720458984,173936.41302490234,2838.7508544921875,16408723456,4294963200,3817615360,114688
200,1772065303420,800,800,800,800,800,799,800,800,800,800,800,800,9.523809432983398,15.000000953674316,0,0,0,19.047618865966797,19.047618865966797,100,15.789472579956055,0,20,0,15478.803588867188,4096,686,32395,68,88,222381.57299804688,173940.72497558594,2838.7508544921875,16408723456,4294963200,3810045952,114688
200,1772065303620,800,800,800,800,800,799,800,800,800,800,800,800,5.263157844543457,15.000000953674316,0,0,0,15.000000953674316,15.789472579956055,100,15.000000953674316,0,15.000000953674316,0,15478.952697753906,4096,686,31513,68,93,222386.4086303711,173945.00610351563,2838.7508544921875,16408723456,4294963200,3813408768,114688
200,1772065303820,800,800,800,800,800,799,800,800,800,800,800,800,5,20,0,0,0,20,19.047618865966797,100,20,0,20,0,15479.09814453125,4096,686,32175,68,90,222391.31872558594,173949.3510131836,2838.7508544921875,16408723456,4294963200,3813408768,114688
200,1772065304020,800,800,800,800,800,799,800,800,800,800,800,800,9.523809432983398,15.000000953674316,0,0,0,10.526315689086914,15.000000953674316,100,15.000000953674316,0,10,0,15479.244812011719,4096,686,31894,68,92,222395.92504882813,173953.39611816406,2838.7508544921875,16408723456,4294963200,3813400576,114688
200,1772065304220,800,800,800,800,800,799,800,800,800,800,800,800,5.263157844543457,20,0,0,0,23.809524536132813,20,100,20,0,25,0,15479.396789550781,4096,686,32281,68,89,222400.9638671875,173957.8715209961,2838.7508544921875,16408723456,4294963200,3808997376,114688
200,1772065304420,800,800,800,800,800,799,800,800,800,800,800,800,5,15.000000953674316,0,0,0,10.526315689086914,15.000000953674316,100,15.000000953674316,0,10,0,15479.542602539063,4096,686,32305,68,91,222405.66278076172,173962.01196289063,2838.7508544921875,16408723456,4294963200,3825299456,114688
200,1772065304621,800,800,800,800,800,799,800,800,800,800,800,800,9.523809432983398,20,0,0,0,20,20,100,20,0,20,0,15479.693481445313,4096,686,32155,68,89,222410.70281982422,173966.4871826172,2838.7508544921875,16408723456,4294963200,3830460416,114688
200,1772065304821,800,800,800,800,800,799,800,800,800,800,800,800,5.263157844543457,15.000000953674316,0,0,0,15.000000953674316,10.526315689086914,100,15.000000953674316,0,15.000000953674316,0,15479.838989257813,4096,686,32950,68,92,222415.2938232422,173970.51916503906,2838.7508544921875,16408723456,4294963200,3823931392,114688
200,1772065305021,800,800,800,800,800,799,800,800,800,800,800,800,9.523809432983398,20,0,0,9.523809432983398,20,23.809524536132813,100,20,0,15.000000953674316,0,15479.989013671875,4096,686,32054,68,89,222420.39471435547,173975.05688476563,2838.7508544921875,16408723456,4294963200,3823869952,114688
200,1772065305221,800,800,800,800,800,799,800,800,800,800,800,800,5,15.000000953674316,0,0,10.526315689086914,15.000000953674316,10.526315689086914,100,14.285715103149414,0,0,0,15480.134582519531,4096,686,33102,68,92,222425.05010986328,173979.13525390625,2838.7508544921875,16408723456,4294963200,3825418240,114688
200,1772065305421,800,800,800,800,800,799,800,800,800,800,800,800,5.263157844543457,20,0,0,23.809524536132813,20,23.809524536132813,100,21.052631378173828,0,0,0,15480.286315917969,4096,686,32101,68,88,222430.2060546875,173983.7313232422,2838.7508544921875,16408723456,4294963200,3825864704,114688
200,1772065305621,800,800,800,800,800,799,800,800,800,800,800,800,5,15.000000953674316,0,0,10.526315689086914,15.000000953674316,10.526315689086914,100,14.285715103149414,0,0,0,15480.432983398438,4096,686,33020,68,92,222434.86755371094,173987.83294677734,2838.7508544921875,16408723456,4294963200,3825864704,114688
200,1772065305821,800,800,800,800,800,799,800,800,800,800,800,800,5,20,0,0,23.809524536132813,20,23.809524536132813,100,20,0,0,0,15480.583312988281,4096,686,31523,68,88,222439.99536132813,173992.3724975586,2838.7508544921875,16408723456,4294963200,3820756992,114688
200,1772065306021,800,800,800,800,800,799,800,800,800,800,800,800,10,15.000000953674316,0,0,10.526315689086914,14.285715103149414,10.526315689086914,100,15.000000953674316,0,0,0,15480.727355957031,4096,686,32919,68,92,222444.47833251953,173996.27313232422,2838.7508544921875,16408723456,4294963200,3824709632,114688
200,1772065306221,800,800,800,800,800,799,800,800,800,800,800,800,10,20,0,0,20,21.052631378173828,20,100,20,0,0,0,15480.878967285156,4096,686,30864,68,89,222449.5435180664,174000.77130126953,2838.7508544921875,16408723456,4294963200,3825475584,114688
200,1772065306421,800,800,800,800,800,799,800,800,800,800,800,800,9.523809432983398,15.000000953674316,0,0,14.285715103149414,14.285715103149414,15.000000953674316,100,10.526315689086914,0,0,0,15481.025024414063,4096,686,32310,68,92,222454.18426513672,174004.8563232422,2838.7508544921875,16408723456,4294963200,3827539968,114688
200,1772065306622,800,800,800,800,800,799,800,800,800,800,800,800,5,20,0,0,21.052631378173828,21.052631378173828,20,100,23.809524536132813,0,0,0,15481.177001953125,4096,686,30749,68,89,222459.38446044922,174009.48907470703,2838.7508544921875,16408723456,4294963200,3827539968,114688
200,1772065306822,800,800,800,800,800,799,800,800,800,800,800,800,5.263157844543457,10.526315689086914,0,0,14.285715103149414,14.285715103149414,14.285715103149414,100,10.526315689086914,0,0,0,15481.321716308594,4096,686,32269,68,91,222464.00463867188,174013.55560302734,2838.7508544921875,16408723456,4294963200,3820769280,114688
200,1772065307022,800,800,800,800,800,799,800,800,800,800,800,800,5,20,0,0,15.000000953674316,20,21.052631378173828,100,20,0,5,0,15481.47607421875,4096,686,31556,68,87,222469.19946289063,174018.1798095703,2838.7508544921875,16408723456,4294963200,3823640576,114688
200,1772065307222,800,800,800,800,800,799,800,800,800,800,800,800,5,15.000000953674316,0,90,0,15.000000953674316,14.285715103149414,10,15.000000953674316,0,15.000000953674316,0,15481.621948242188,4096,686,32963,68,91,222473.67541503906,174022.09698486328,2838.7508544921875,16408723456,4294963200,3823898624,114688
200,1772065307422,800,800,800,800,800,799,800,800,800,800,800,800,10,20,0,100,0,20,20,0,20,0,20,0,15481.769897460938,4096,686,31274,68,89,222478.8578491211,174026.73260498047,2838.7508544921875,16408723456,4294963200,3816837120,114688
200,1772065307622,800,800,800,800,800,799,800,800,800,800,800,800,5,14.285715103149414,0,100,0,10.526315689086914,15.000000953674316,0,15.000000953674316,0,15.000000953674316,0,15481.915893554688,4096,686,32457,68,92,222483.46044921875,174030.74420166016,2838.7508544921875,16408723456,4294963200,3820449792,114688
199,1772065307822,800,800,800,800,800,799,800,800,800,800,800,800,9.523809432983398,20,0,100,0,20,20,0,15.000000953674316,0,15.000000953674316,0,15482.068542480469,4096,686,31137,68,88,222488.4990234375,174035.22497558594,2838.7508544921875,16408723456,4294963200,3819896832,114688
200,1772065308022,800,800,800,800,800,799,800,800,800,800,800,800,5.263157844543457,19.047618865966797,0,100,0,15.000000953674316,19.047618865966797,0,20,0,15.789472579956055,0,15482.214050292969,4096,686,32260,68,93,222493.2748413086,174039.43463134766,2838.7508544921875,16408723456,4294963200,3818090496,114688
200,1772065308222,800,800,800,800,800,799,800,800,800,800,800,800,5,15.000000953674316,0,100,0,15.000000953674316,15.000000953674316,0,15.000000953674316,0,15.000000953674316,0,15482.364013671875,4096,686,31129,68,87,222498.0009765625,174043.6109008789,2838.7508544921875,16408723456,4294963200,3811934208,114688
200,1772065308422,800,800,800,800,800,799,800,800,800,800,800,800,5.263157844543457,20,0,100,0,20,15.789472579956055,0,15.789472579956055,0,19.047618865966797,0,15482.509338378906,4096,686,32168,68,93,222503.03253173828,174048.0714111328,2838.7508544921875,16408723456,4294963200,3821449216,114688
200,1772065308622,800,800,800,800,800,799,800,800,800,800,800,800,9.523809432983398,10.526315689086914,0,100,0,15.000000953674316,15.000000953674316,0,14.285715103149414,0,15.000000953674316,0,15482.653991699219,4096,686,31516,68,88,222507.72589111328,174052.21990966797,2838.7508544921875,16408723456,4294963200,3819184128,114688
200,1772065308822,800,800,800,800,800,799,800,800,800,800,800,800,5,20,0,100,0,20,20,0,21.052631378173828,0,20,0,15482.804138183594,4096,686,32153,68,93,222512.79650878906,174056.712890625,2838.7508544921875,16408723456,4294963200,3820474368,114688
200,1772065309022,800,800,800,800,800,799,800,800,800,800,800,800,10,15.000000953674316,0,100,0,15.000000953674316,15.000000953674316,0,14.285715103149414,0,15.000000953674316,0,15482.95068359375,4096,686,31247,68,88,222517.37030029297,174060.72869873047,2838.7508544921875,16408723456,4294963200,3820740608,114688
200,1772065309223,800,800,800,800,800,799,800,800,800,800,800,800,5,20,0,100,0,20,20,0,20,0,23.809524536132813,0,15483.100402832031,4096,686,32100,68,92,222522.44427490234,174065.23767089844,2838.7508544921875,16408723456,4294963200,3812945920,114688
200,1772065309423,800,800,800,800,800,799,800,800,800,800,800,800,10,15.000000953674316,0,100,0,14.285715103149414,10.526315689086914,0,15.000000953674316,0,10.526315689086914,0,15483.246276855469,4096,686,31366,68,87,222527.12670898438,174069.3614501953,2838.7508544921875,16408723456,4294963200,3822845952,114688
200,1772065309623,800,800,800,800,800,799,800,800,800,800,800,800,5,20,0,100,0,21.052631378173828,23.809524536132813,0,20,0,20,0,15483.395812988281,4096,686,32749,68,92,222532.30194091797,174073.97265625,2838.7508544921875,16408723456,4294963200,3813515264,114688
200,1772065309823,800,800,800,800,800,799,800,800,800,800,800,800,5,15.000000953674316,0,100,0,15.000000953674316,10.526315689086914,0,15.000000953674316,0,15.000000953674316,0,15483.542724609375,4096,686,31019,68,89,222536.90997314453,174078.00659179688,2838.7508544921875,16408723456,4294963200,3820998656,114688
200,1772065310023,800,800,800,800,800,799,800,800,800,800,800,800,0,20,0,100,0,5,20,0,20,0,20,23.809524536132813,15483.697326660156,4096,686,32265,68,92,222542.06567382813,174082.59692382813,2838.7508544921875,16408723456,4294963200,3825369088,114688
200,1772065310223,800,800,800,800,800,799,800,800,800,800,800,800,0,10.526315689086914,0,100,0,5,15.000000953674316,0,15.000000953674316,0,15.000000953674316,10.526315689086914,15483.8427734375,4096,686,31282,68,88,222546.7035522461,174086.67755126953,2838.7508544921875,16408723456,4294963200,3819405312,114688
200,1772065310423,800,800,800,800,800,799,800,800,800,800,800,800,0,23.809524536132813,0,100,0,10,20,0,23.809524536132813,0,20,23.809524536132813,15483.995239257813,4096,686,31373,68,91,222551.96112060547,174091.37078857422,2838.7508544921875,16408723456,4294963200,3813429248,114688
200,1772065310623,800,800,800,800,800,799,800,800,800,800,800,800,0,10.526315689086914,0,100,0,9.523809432983398,14.285715103149414,0,15.000000953674316,0,15.000000953674316,10.526315689086914,15484.139587402344,4096,686,32341,68,89,222556.56225585938,174095.4140625,2838.7508544921875,16408723456,4294963200,3815493632,114688
200,1772065310823,800,800,800,800,800,799,800,800,800,800,800,800,0,20,0,100,0,5,21.052631378173828,0,15.789472579956055,0,20,20,15484.288146972656,4096,686,31399,68,93,222561.78198242188,174100.07110595703,2838.7508544921875,16408723456,4294963200,3816587264,114688
199,1772065311023,800,800,800,800,800,799,800,800,800,800,800,800,0,15.000000953674316,0,100,0,10.526315689086914,14.285715103149414,0,15.000000953674316,0,15.000000953674316,10,15484.433166503906,4096,686,31862,68,89,222566.4073486328,174104.11163330078,2838.7508544921875,16408723456,4294963200,3811065856,114688
200,1772065311224,800,800,800,800,800,799,800,800,800,800,800,800,0,20,0,55,0,25,20,42.105262756347656,20,0,15.789472579956055,0,15484.583312988281,4096,686,31165,68,92,222571.56414794922,174108.70684814453,2838.7508544921875,16408723456,4294963200,3815583744,114688
200,1772065311424,800,800,800,800,800,799,800,800,800,800,800,800,5,14.285715103149414,0,0,0,15.000000953674316,15.000000953674316,100,15.000000953674316,0,15.000000953674316,0,15484.727294921875,4096,686,31983,68,89,222576.17279052734,174112.72778320313,2838.7508544921875,16408723456,4294963200,3832049664,114688
199,1772065311624,800,800,800,800,800,799,800,800,800,800,800,800,10,20,0,0,0,20,15.789472579956055,100,19.047618865966797,0,19.047618865966797,0,15484.877685546875,4096,686,31853,68,91,222581.23486328125,174117.25744628906,2838.7508544921875,16408723456,4294963200,3837571072,114688
200,1772065311824,800,800,800,800,800,799,800,800,800,800,800,800,9.523809432983398,15.000000953674316,0,0,0,15.000000953674316,19.047618865966797,100,15.789472579956055,0,15.000000953674316,0,15485.024169921875,4096,686,32277,68,89,222585.98919677734,174121.42291259766,2838.7508544921875,16408723456,4294963200,3839102976,114688
200,1772065312024,800,800,800,800,800,799,800,800,800,800,800,800,5,15.000000953674316,0,0,0,15.000000953674316,15.000000953674316,100,15.000000953674316,0,15.000000953674316,0,15485.175964355469,4096,686,31841,68,90,222590.71350097656,174125.56536865234,2838.7508544921875,16408723456,4294963200,3835633664,114688
200,1772065312224,800,800,800,800,800,799,800,800,800,800,800,800,5.263157844543457,15.000000953674316,0,0,0,20,20,100,20,5,20,0,15485.320739746094,4096,686,32320,68,89,222595.57421875,174129.86352539063,2838.7508544921875,16408723456,4294963200,3827691520,114688
200,1772065312424,800,800,800,800,800,799,800,800,800,800,800,800,5,10.526315689086914,0,0,0,15.000000953674316,10.526315689086914,100,10,0,15.000000953674316,0,15485.467102050781,4096,686,31967,68,91,222600.27380371094,174134.0040283203,2838.7508544921875,16408723456,4294963200,3832078336,114688
200,1772065312624,800,800,800,800,800,799,800,800,800,800,800,800,10,23.809524536132813,0,0,0,20,20,100,25,0,20,0,15485.619384765625,4096,686,32095,68,89,222605.32989501953,174138.4966430664,2838.7508544921875,16408723456,4294963200,3834142720,114688
200,1772065312824,800,800,800,800,800,799,800,800,800,800,800,800,5,10.526315689086914,0,0,0,10.526315689086914,19.047618865966797,100,10,0,15.000000953674316,0,15485.763244628906,4096,686,32641,68,92,222610.02154541016,174142.63006591797,2838.7508544921875,16408723456,4294963200,3832905728,114688
200,1772065313024,800,800,800,800,800,799,800,800,800,800,800,800,10,0,0,0,0,0,0,100,0,0,0,0,15486.08447265625,4096,686,17026,68,2,222612.00616455078,174143.97607421875,2838.7586669921875,16408723456,4294963200,3824439296,114688
200,1772065313224,800,800,800,800,800,799,800,800,800,800,800,800,9.523809432983398,0,0,0,0,0,0,100,0,0,0,0,15486.386657714844,4096,686,16963,67,0,222613.53955078125,174144.89617919922,2838.7586669921875,16408723456,4294963200,3824439296,114688
200,1772065313424,800,800,800,800,800,799,800,800,800,800,800,800,10,0,0,0,0,0,0,100,0,0,0,0,15486.690612792969,4096,686,16876,67,0,222615.16998291016,174145.9125366211,2838.7586669921875,16408723456,4294963200,3824439296,114688
200,1772065313625,800,800,800,800,800,799,800,800,800,800,800,800,5.263157844543457,0,0,0,0,4.761904716491699,0,85,0,0,0,14.285715103149414,15486.922241210938,4096,686,16815,66,0,222617.7403564453,174147.89154052734,2838.7640991210938,16408723456,4294963200,3824128000,114688
18,1772065313825,800,800,800,800,800,799,800,800,800,800,800,800,5,0,0,0,0,0,0,0,0,0,0,78.94737243652344,15487.109130859375,4096,387,17185,66,4,222619.95874023438,174149.5308227539,2838.7640991210938,16408723456,4294963200,2473512960,114688
